Date	pH	HCO3-	Ca++	DOC	SOC(s)	SOC-lz(s)	Calcite(s)	Calcite-lz(s)	CO2(*g)
20160101	5.83	1.00E-20	1.20E-05	1.00E-20	1.00E-20	1.00E-20	1.00E-20	1.00E-20	1.00E-20
20160102	5.83	1.00E-20	1.20E-05	1.00E-20	1.00E-20	1.00E-20	1.00E-20	1.00E-20	1.00E-20
20160103	5.83	1.00E-20	1.20E-05	1.00E-20	1.00E-20	1.00E-20	1.00E-20	1.00E-20	1.00E-20
20160104	5.83	1.00E-20	1.20E-05	1.00E-20	1.00E-20	1.00E-20	1.00E-20	1.00E-20	1.00E-20
20160105	4.75	1.00E-20	1.63E-06	1.00E-20	1.00E-20	1.00E-20	1.00E-20	1.00E-20	1.00E-20
20160106	4.75	1.00E-20	1.63E-06	1.00E-20	1.00E-20	1.00E-20	1.00E-20	1.00E-20	1.00E-20
20160107	4.75	1.00E-20	1.63E-06	1.00E-20	1.00E-20	1.00E-20	1.00E-20	1.00E-20	1.00E-20
20160108	4.75	1.00E-20	1.63E-06	1.00E-20	1.00E-20	1.00E-20	1.00E-20	1.00E-20	1.00E-20
20160109	4.75	1.00E-20	1.63E-06	1.00E-20	1.00E-20	1.00E-20	1.00E-20	1.00E-20	1.00E-20
20160110	4.75	1.00E-20	1.63E-06	1.00E-20	1.00E-20	1.00E-20	1.00E-20	1.00E-20	1.00E-20
20160111	4.75	1.00E-20	1.63E-06	1.00E-20	1.00E-20	1.00E-20	1.00E-20	1.00E-20	1.00E-20
20160112	4.75	1.00E-20	1.63E-06	1.00E-20	1.00E-20	1.00E-20	1.00E-20	1.00E-20	1.00E-20
20160113	4.75	1.00E-20	1.63E-06	1.00E-20	1.00E-20	1.00E-20	1.00E-20	1.00E-20	1.00E-20
20160114	4.75	1.00E-20	1.63E-06	1.00E-20	1.00E-20	1.00E-20	1.00E-20	1.00E-20	1.00E-20
20160115	4.75	1.00E-20	1.63E-06	1.00E-20	1.00E-20	1.00E-20	1.00E-20	1.00E-20	1.00E-20
20160116	4.75	1.00E-20	1.63E-06	1.00E-20	1.00E-20	1.00E-20	1.00E-20	1.00E-20	1.00E-20
20160117	4.75	1.00E-20	1.63E-06	1.00E-20	1.00E-20	1.00E-20	1.00E-20	1.00E-20	1.00E-20
20160118	4.75	1.00E-20	1.63E-06	1.00E-20	1.00E-20	1.00E-20	1.00E-20	1.00E-20	1.00E-20
20160119	5.73	1.00E-20	1.26E-05	1.00E-20	1.00E-20	1.00E-20	1.00E-20	1.00E-20	1.00E-20
20160120	5.73	1.00E-20	1.26E-05	1.00E-20	1.00E-20	1.00E-20	1.00E-20	1.00E-20	1.00E-20
20160121	5.73	1.00E-20	1.26E-05	1.00E-20	1.00E-20	1.00E-20	1.00E-20	1.00E-20	1.00E-20
20160122	5.73	1.00E-20	1.26E-05	1.00E-20	1.00E-20	1.00E-20	1.00E-20	1.00E-20	1.00E-20
20160123	5.73	1.00E-20	1.26E-05	1.00E-20	1.00E-20	1.00E-20	1.00E-20	1.00E-20	1.00E-20
20160124	5.73	1.00E-20	1.26E-05	1.00E-20	1.00E-20	1.00E-20	1.00E-20	1.00E-20	1.00E-20
20160125	5.73	1.00E-20	1.26E-05	1.00E-20	1.00E-20	1.00E-20	1.00E-20	1.00E-20	1.00E-20
20160126	6.22	1.00E-20	1.41E-05	1.00E-20	1.00E-20	1.00E-20	1.00E-20	1.00E-20	1.00E-20
20160127	6.22	1.00E-20	1.41E-05	1.00E-20	1.00E-20	1.00E-20	1.00E-20	1.00E-20	1.00E-20
20160128	6.22	1.00E-20	1.41E-05	1.00E-20	1.00E-20	1.00E-20	1.00E-20	1.00E-20	1.00E-20
20160129	6.22	1.00E-20	1.41E-05	1.00E-20	1.00E-20	1.00E-20	1.00E-20	1.00E-20	1.00E-20
20160130	6.22	1.00E-20	1.41E-05	1.00E-20	1.00E-20	1.00E-20	1.00E-20	1.00E-20	1.00E-20
20160131	6.22	1.00E-20	1.41E-05	1.00E-20	1.00E-20	1.00E-20	1.00E-20	1.00E-20	1.00E-20
20160201	6.22	1.00E-20	1.41E-05	1.00E-20	1.00E-20	1.00E-20	1.00E-20	1.00E-20	1.00E-20
20160202	6.22	1.00E-20	1.41E-05	1.00E-20	1.00E-20	1.00E-20	1.00E-20	1.00E-20	1.00E-20
20160203	6.22	1.00E-20	1.41E-05	1.00E-20	1.00E-20	1.00E-20	1.00E-20	1.00E-20	1.00E-20
20160204	6.22	1.00E-20	1.41E-05	1.00E-20	1.00E-20	1.00E-20	1.00E-20	1.00E-20	1.00E-20
20160205	6.22	1.00E-20	1.41E-05	1.00E-20	1.00E-20	1.00E-20	1.00E-20	1.00E-20	1.00E-20
20160206	6.22	1.00E-20	1.41E-05	1.00E-20	1.00E-20	1.00E-20	1.00E-20	1.00E-20	1.00E-20
20160207	6.22	1.00E-20	1.41E-05	1.00E-20	1.00E-20	1.00E-20	1.00E-20	1.00E-20	1.00E-20
20160208	6.22	1.00E-20	1.41E-05	1.00E-20	1.00E-20	1.00E-20	1.00E-20	1.00E-20	1.00E-20
20160209	6.82	1.00E-20	2.15E-05	1.00E-20	1.00E-20	1.00E-20	1.00E-20	1.00E-20	1.00E-20
20160210	6.82	1.00E-20	2.15E-05	1.00E-20	1.00E-20	1.00E-20	1.00E-20	1.00E-20	1.00E-20
20160211	6.82	1.00E-20	2.15E-05	1.00E-20	1.00E-20	1.00E-20	1.00E-20	1.00E-20	1.00E-20
20160212	6.82	1.00E-20	2.15E-05	1.00E-20	1.00E-20	1.00E-20	1.00E-20	1.00E-20	1.00E-20
20160213	6.82	1.00E-20	2.15E-05	1.00E-20	1.00E-20	1.00E-20	1.00E-20	1.00E-20	1.00E-20
20160214	6.82	1.00E-20	2.15E-05	1.00E-20	1.00E-20	1.00E-20	1.00E-20	1.00E-20	1.00E-20
20160215	6.82	1.00E-20	2.15E-05	1.00E-20	1.00E-20	1.00E-20	1.00E-20	1.00E-20	1.00E-20
20160216	6.82	1.00E-20	2.15E-05	1.00E-20	1.00E-20	1.00E-20	1.00E-20	1.00E-20	1.00E-20
20160217	6.82	1.00E-20	2.15E-05	1.00E-20	1.00E-20	1.00E-20	1.00E-20	1.00E-20	1.00E-20
20160218	6.82	1.00E-20	2.15E-05	1.00E-20	1.00E-20	1.00E-20	1.00E-20	1.00E-20	1.00E-20
20160219	6.82	1.00E-20	2.15E-05	1.00E-20	1.00E-20	1.00E-20	1.00E-20	1.00E-20	1.00E-20
20160220	6.82	1.00E-20	2.15E-05	1.00E-20	1.00E-20	1.00E-20	1.00E-20	1.00E-20	1.00E-20
20160221	6.82	1.00E-20	2.15E-05	1.00E-20	1.00E-20	1.00E-20	1.00E-20	1.00E-20	1.00E-20
20160222	6.82	1.00E-20	2.15E-05	1.00E-20	1.00E-20	1.00E-20	1.00E-20	1.00E-20	1.00E-20
20160223	6.82	1.00E-20	2.15E-05	1.00E-20	1.00E-20	1.00E-20	1.00E-20	1.00E-20	1.00E-20
20160224	6.82	1.00E-20	2.15E-05	1.00E-20	1.00E-20	1.00E-20	1.00E-20	1.00E-20	1.00E-20
20160225	6.82	1.00E-20	2.15E-05	1.00E-20	1.00E-20	1.00E-20	1.00E-20	1.00E-20	1.00E-20
20160226	6.82	1.00E-20	2.15E-05	1.00E-20	1.00E-20	1.00E-20	1.00E-20	1.00E-20	1.00E-20
20160227	6.82	1.00E-20	2.15E-05	1.00E-20	1.00E-20	1.00E-20	1.00E-20	1.00E-20	1.00E-20
20160228	6.82	1.00E-20	2.15E-05	1.00E-20	1.00E-20	1.00E-20	1.00E-20	1.00E-20	1.00E-20
20160229	6.82	1.00E-20	2.15E-05	1.00E-20	1.00E-20	1.00E-20	1.00E-20	1.00E-20	1.00E-20
20160301	7.04	1.00E-20	4.82E-05	1.00E-20	1.00E-20	1.00E-20	1.00E-20	1.00E-20	1.00E-20
20160302	7.04	1.00E-20	4.82E-05	1.00E-20	1.00E-20	1.00E-20	1.00E-20	1.00E-20	1.00E-20
20160303	7.04	1.00E-20	4.82E-05	1.00E-20	1.00E-20	1.00E-20	1.00E-20	1.00E-20	1.00E-20
20160304	7.04	1.00E-20	4.82E-05	1.00E-20	1.00E-20	1.00E-20	1.00E-20	1.00E-20	1.00E-20
20160305	7.04	1.00E-20	4.82E-05	1.00E-20	1.00E-20	1.00E-20	1.00E-20	1.00E-20	1.00E-20
20160306	7.04	1.00E-20	4.82E-05	1.00E-20	1.00E-20	1.00E-20	1.00E-20	1.00E-20	1.00E-20
20160307	7.04	1.00E-20	4.82E-05	1.00E-20	1.00E-20	1.00E-20	1.00E-20	1.00E-20	1.00E-20
20160308	6.66	1.00E-20	1.91E-05	1.00E-20	1.00E-20	1.00E-20	1.00E-20	1.00E-20	1.00E-20
20160309	6.66	1.00E-20	1.91E-05	1.00E-20	1.00E-20	1.00E-20	1.00E-20	1.00E-20	1.00E-20
20160310	6.66	1.00E-20	1.91E-05	1.00E-20	1.00E-20	1.00E-20	1.00E-20	1.00E-20	1.00E-20
20160311	6.66	1.00E-20	1.91E-05	1.00E-20	1.00E-20	1.00E-20	1.00E-20	1.00E-20	1.00E-20
20160312	6.66	1.00E-20	1.91E-05	1.00E-20	1.00E-20	1.00E-20	1.00E-20	1.00E-20	1.00E-20
20160313	6.66	1.00E-20	1.91E-05	1.00E-20	1.00E-20	1.00E-20	1.00E-20	1.00E-20	1.00E-20
20160314	6.66	1.00E-20	1.91E-05	1.00E-20	1.00E-20	1.00E-20	1.00E-20	1.00E-20	1.00E-20
20160315	7.04	1.00E-20	4.71E-05	1.00E-20	1.00E-20	1.00E-20	1.00E-20	1.00E-20	1.00E-20
20160316	7.04	1.00E-20	4.71E-05	1.00E-20	1.00E-20	1.00E-20	1.00E-20	1.00E-20	1.00E-20
20160317	7.04	1.00E-20	4.71E-05	1.00E-20	1.00E-20	1.00E-20	1.00E-20	1.00E-20	1.00E-20
20160318	7.04	1.00E-20	4.71E-05	1.00E-20	1.00E-20	1.00E-20	1.00E-20	1.00E-20	1.00E-20
20160319	7.04	1.00E-20	4.71E-05	1.00E-20	1.00E-20	1.00E-20	1.00E-20	1.00E-20	1.00E-20
20160320	7.04	1.00E-20	4.71E-05	1.00E-20	1.00E-20	1.00E-20	1.00E-20	1.00E-20	1.00E-20
20160321	7.04	1.00E-20	4.71E-05	1.00E-20	1.00E-20	1.00E-20	1.00E-20	1.00E-20	1.00E-20
20160322	6.51	1.00E-20	9.30E-06	1.00E-20	1.00E-20	1.00E-20	1.00E-20	1.00E-20	1.00E-20
20160323	6.51	1.00E-20	9.30E-06	1.00E-20	1.00E-20	1.00E-20	1.00E-20	1.00E-20	1.00E-20
20160324	6.51	1.00E-20	9.30E-06	1.00E-20	1.00E-20	1.00E-20	1.00E-20	1.00E-20	1.00E-20
20160325	6.51	1.00E-20	9.30E-06	1.00E-20	1.00E-20	1.00E-20	1.00E-20	1.00E-20	1.00E-20
20160326	6.51	1.00E-20	9.30E-06	1.00E-20	1.00E-20	1.00E-20	1.00E-20	1.00E-20	1.00E-20
20160327	6.51	1.00E-20	9.30E-06	1.00E-20	1.00E-20	1.00E-20	1.00E-20	1.00E-20	1.00E-20
20160328	6.51	1.00E-20	9.30E-06	1.00E-20	1.00E-20	1.00E-20	1.00E-20	1.00E-20	1.00E-20
20160329	6.51	1.00E-20	9.30E-06	1.00E-20	1.00E-20	1.00E-20	1.00E-20	1.00E-20	1.00E-20
20160330	6.51	1.00E-20	9.30E-06	1.00E-20	1.00E-20	1.00E-20	1.00E-20	1.00E-20	1.00E-20
20160331	6.51	1.00E-20	9.30E-06	1.00E-20	1.00E-20	1.00E-20	1.00E-20	1.00E-20	1.00E-20
20160401	6.51	1.00E-20	9.30E-06	1.00E-20	1.00E-20	1.00E-20	1.00E-20	1.00E-20	1.00E-20
20160402	6.51	1.00E-20	9.30E-06	1.00E-20	1.00E-20	1.00E-20	1.00E-20	1.00E-20	1.00E-20
20160403	6.51	1.00E-20	9.30E-06	1.00E-20	1.00E-20	1.00E-20	1.00E-20	1.00E-20	1.00E-20
20160404	6.51	1.00E-20	9.30E-06	1.00E-20	1.00E-20	1.00E-20	1.00E-20	1.00E-20	1.00E-20
20160405	6.51	1.00E-20	9.30E-06	1.00E-20	1.00E-20	1.00E-20	1.00E-20	1.00E-20	1.00E-20
20160406	6.51	1.00E-20	9.30E-06	1.00E-20	1.00E-20	1.00E-20	1.00E-20	1.00E-20	1.00E-20
20160407	6.51	1.00E-20	9.30E-06	1.00E-20	1.00E-20	1.00E-20	1.00E-20	1.00E-20	1.00E-20
20160408	6.51	1.00E-20	9.30E-06	1.00E-20	1.00E-20	1.00E-20	1.00E-20	1.00E-20	1.00E-20
20160409	6.51	1.00E-20	9.30E-06	1.00E-20	1.00E-20	1.00E-20	1.00E-20	1.00E-20	1.00E-20
20160410	6.51	1.00E-20	9.30E-06	1.00E-20	1.00E-20	1.00E-20	1.00E-20	1.00E-20	1.00E-20
20160411	6.51	1.00E-20	9.30E-06	1.00E-20	1.00E-20	1.00E-20	1.00E-20	1.00E-20	1.00E-20
20160412	5.73	1.00E-20	1.85E-06	1.00E-20	1.00E-20	1.00E-20	1.00E-20	1.00E-20	1.00E-20
20160413	5.73	1.00E-20	1.85E-06	1.00E-20	1.00E-20	1.00E-20	1.00E-20	1.00E-20	1.00E-20
20160414	5.73	1.00E-20	1.85E-06	1.00E-20	1.00E-20	1.00E-20	1.00E-20	1.00E-20	1.00E-20
20160415	5.73	1.00E-20	1.85E-06	1.00E-20	1.00E-20	1.00E-20	1.00E-20	1.00E-20	1.00E-20
20160416	5.73	1.00E-20	1.85E-06	1.00E-20	1.00E-20	1.00E-20	1.00E-20	1.00E-20	1.00E-20
20160417	5.73	1.00E-20	1.85E-06	1.00E-20	1.00E-20	1.00E-20	1.00E-20	1.00E-20	1.00E-20
20160418	5.73	1.00E-20	1.85E-06	1.00E-20	1.00E-20	1.00E-20	1.00E-20	1.00E-20	1.00E-20
20160419	6.22	1.00E-20	4.98E-06	1.00E-20	1.00E-20	1.00E-20	1.00E-20	1.00E-20	1.00E-20
20160420	6.22	1.00E-20	4.98E-06	1.00E-20	1.00E-20	1.00E-20	1.00E-20	1.00E-20	1.00E-20
20160421	6.22	1.00E-20	4.98E-06	1.00E-20	1.00E-20	1.00E-20	1.00E-20	1.00E-20	1.00E-20
20160422	6.22	1.00E-20	4.98E-06	1.00E-20	1.00E-20	1.00E-20	1.00E-20	1.00E-20	1.00E-20
20160423	6.22	1.00E-20	4.98E-06	1.00E-20	1.00E-20	1.00E-20	1.00E-20	1.00E-20	1.00E-20
20160424	6.22	1.00E-20	4.98E-06	1.00E-20	1.00E-20	1.00E-20	1.00E-20	1.00E-20	1.00E-20
20160425	6.22	1.00E-20	4.98E-06	1.00E-20	1.00E-20	1.00E-20	1.00E-20	1.00E-20	1.00E-20
20160426	6.07	1.00E-20	8.58E-06	1.00E-20	1.00E-20	1.00E-20	1.00E-20	1.00E-20	1.00E-20
20160427	6.07	1.00E-20	8.58E-06	1.00E-20	1.00E-20	1.00E-20	1.00E-20	1.00E-20	1.00E-20
20160428	6.07	1.00E-20	8.58E-06	1.00E-20	1.00E-20	1.00E-20	1.00E-20	1.00E-20	1.00E-20
20160429	6.07	1.00E-20	8.58E-06	1.00E-20	1.00E-20	1.00E-20	1.00E-20	1.00E-20	1.00E-20
20160430	6.07	1.00E-20	8.58E-06	1.00E-20	1.00E-20	1.00E-20	1.00E-20	1.00E-20	1.00E-20
20160501	6.07	1.00E-20	8.58E-06	1.00E-20	1.00E-20	1.00E-20	1.00E-20	1.00E-20	1.00E-20
20160502	6.07	1.00E-20	8.58E-06	1.00E-20	1.00E-20	1.00E-20	1.00E-20	1.00E-20	1.00E-20
20160503	6.07	1.00E-20	8.58E-06	1.00E-20	1.00E-20	1.00E-20	1.00E-20	1.00E-20	1.00E-20
20160504	6.07	1.00E-20	8.58E-06	1.00E-20	1.00E-20	1.00E-20	1.00E-20	1.00E-20	1.00E-20
20160505	6.07	1.00E-20	8.58E-06	1.00E-20	1.00E-20	1.00E-20	1.00E-20	1.00E-20	1.00E-20
20160506	6.07	1.00E-20	8.58E-06	1.00E-20	1.00E-20	1.00E-20	1.00E-20	1.00E-20	1.00E-20
20160507	6.07	1.00E-20	8.58E-06	1.00E-20	1.00E-20	1.00E-20	1.00E-20	1.00E-20	1.00E-20
20160508	6.07	1.00E-20	8.58E-06	1.00E-20	1.00E-20	1.00E-20	1.00E-20	1.00E-20	1.00E-20
20160509	6.07	1.00E-20	8.58E-06	1.00E-20	1.00E-20	1.00E-20	1.00E-20	1.00E-20	1.00E-20
20160510	6.31	1.00E-20	1.34E-05	1.00E-20	1.00E-20	1.00E-20	1.00E-20	1.00E-20	1.00E-20
20160511	6.31	1.00E-20	1.34E-05	1.00E-20	1.00E-20	1.00E-20	1.00E-20	1.00E-20	1.00E-20
20160512	6.31	1.00E-20	1.34E-05	1.00E-20	1.00E-20	1.00E-20	1.00E-20	1.00E-20	1.00E-20
20160513	6.31	1.00E-20	1.34E-05	1.00E-20	1.00E-20	1.00E-20	1.00E-20	1.00E-20	1.00E-20
20160514	6.31	1.00E-20	1.34E-05	1.00E-20	1.00E-20	1.00E-20	1.00E-20	1.00E-20	1.00E-20
20160515	6.31	1.00E-20	1.34E-05	1.00E-20	1.00E-20	1.00E-20	1.00E-20	1.00E-20	1.00E-20
20160516	6.31	1.00E-20	1.34E-05	1.00E-20	1.00E-20	1.00E-20	1.00E-20	1.00E-20	1.00E-20
20160517	5.98	1.00E-20	3.78E-06	1.00E-20	1.00E-20	1.00E-20	1.00E-20	1.00E-20	1.00E-20
20160518	5.98	1.00E-20	3.78E-06	1.00E-20	1.00E-20	1.00E-20	1.00E-20	1.00E-20	1.00E-20
20160519	5.98	1.00E-20	3.78E-06	1.00E-20	1.00E-20	1.00E-20	1.00E-20	1.00E-20	1.00E-20
20160520	5.98	1.00E-20	3.78E-06	1.00E-20	1.00E-20	1.00E-20	1.00E-20	1.00E-20	1.00E-20
20160521	5.98	1.00E-20	3.78E-06	1.00E-20	1.00E-20	1.00E-20	1.00E-20	1.00E-20	1.00E-20
20160522	5.98	1.00E-20	3.78E-06	1.00E-20	1.00E-20	1.00E-20	1.00E-20	1.00E-20	1.00E-20
20160523	5.98	1.00E-20	3.78E-06	1.00E-20	1.00E-20	1.00E-20	1.00E-20	1.00E-20	1.00E-20
20160524	6.15	1.00E-20	8.73E-06	1.00E-20	1.00E-20	1.00E-20	1.00E-20	1.00E-20	1.00E-20
20160525	6.15	1.00E-20	8.73E-06	1.00E-20	1.00E-20	1.00E-20	1.00E-20	1.00E-20	1.00E-20
20160526	6.15	1.00E-20	8.73E-06	1.00E-20	1.00E-20	1.00E-20	1.00E-20	1.00E-20	1.00E-20
20160527	6.15	1.00E-20	8.73E-06	1.00E-20	1.00E-20	1.00E-20	1.00E-20	1.00E-20	1.00E-20
20160528	6.15	1.00E-20	8.73E-06	1.00E-20	1.00E-20	1.00E-20	1.00E-20	1.00E-20	1.00E-20
20160529	6.15	1.00E-20	8.73E-06	1.00E-20	1.00E-20	1.00E-20	1.00E-20	1.00E-20	1.00E-20
20160530	6.15	1.00E-20	8.73E-06	1.00E-20	1.00E-20	1.00E-20	1.00E-20	1.00E-20	1.00E-20
20160531	6.79	1.00E-20	2.51E-05	1.00E-20	1.00E-20	1.00E-20	1.00E-20	1.00E-20	1.00E-20
20160601	6.79	1.00E-20	2.51E-05	1.00E-20	1.00E-20	1.00E-20	1.00E-20	1.00E-20	1.00E-20
20160602	6.79	1.00E-20	2.51E-05	1.00E-20	1.00E-20	1.00E-20	1.00E-20	1.00E-20	1.00E-20
20160603	6.79	1.00E-20	2.51E-05	1.00E-20	1.00E-20	1.00E-20	1.00E-20	1.00E-20	1.00E-20
20160604	6.79	1.00E-20	2.51E-05	1.00E-20	1.00E-20	1.00E-20	1.00E-20	1.00E-20	1.00E-20
20160605	6.79	1.00E-20	2.51E-05	1.00E-20	1.00E-20	1.00E-20	1.00E-20	1.00E-20	1.00E-20
20160606	6.79	1.00E-20	2.51E-05	1.00E-20	1.00E-20	1.00E-20	1.00E-20	1.00E-20	1.00E-20
20160607	6.79	1.00E-20	2.51E-05	1.00E-20	1.00E-20	1.00E-20	1.00E-20	1.00E-20	1.00E-20
20160608	6.79	1.00E-20	2.51E-05	1.00E-20	1.00E-20	1.00E-20	1.00E-20	1.00E-20	1.00E-20
20160609	6.79	1.00E-20	2.51E-05	1.00E-20	1.00E-20	1.00E-20	1.00E-20	1.00E-20	1.00E-20
20160610	6.79	1.00E-20	2.51E-05	1.00E-20	1.00E-20	1.00E-20	1.00E-20	1.00E-20	1.00E-20
20160611	6.79	1.00E-20	2.51E-05	1.00E-20	1.00E-20	1.00E-20	1.00E-20	1.00E-20	1.00E-20
20160612	6.79	1.00E-20	2.51E-05	1.00E-20	1.00E-20	1.00E-20	1.00E-20	1.00E-20	1.00E-20
20160613	6.79	1.00E-20	2.51E-05	1.00E-20	1.00E-20	1.00E-20	1.00E-20	1.00E-20	1.00E-20
20160614	6.8	1.00E-20	3.37E-05	1.00E-20	1.00E-20	1.00E-20	1.00E-20	1.00E-20	1.00E-20
20160615	6.8	1.00E-20	3.37E-05	1.00E-20	1.00E-20	1.00E-20	1.00E-20	1.00E-20	1.00E-20
20160616	6.8	1.00E-20	3.37E-05	1.00E-20	1.00E-20	1.00E-20	1.00E-20	1.00E-20	1.00E-20
20160617	6.8	1.00E-20	3.37E-05	1.00E-20	1.00E-20	1.00E-20	1.00E-20	1.00E-20	1.00E-20
20160618	6.8	1.00E-20	3.37E-05	1.00E-20	1.00E-20	1.00E-20	1.00E-20	1.00E-20	1.00E-20
20160619	6.8	1.00E-20	3.37E-05	1.00E-20	1.00E-20	1.00E-20	1.00E-20	1.00E-20	1.00E-20
20160620	6.8	1.00E-20	3.37E-05	1.00E-20	1.00E-20	1.00E-20	1.00E-20	1.00E-20	1.00E-20
20160621	6.35	1.00E-20	1.53E-05	1.00E-20	1.00E-20	1.00E-20	1.00E-20	1.00E-20	1.00E-20
20160622	6.35	1.00E-20	1.53E-05	1.00E-20	1.00E-20	1.00E-20	1.00E-20	1.00E-20	1.00E-20
20160623	6.35	1.00E-20	1.53E-05	1.00E-20	1.00E-20	1.00E-20	1.00E-20	1.00E-20	1.00E-20
20160624	6.35	1.00E-20	1.53E-05	1.00E-20	1.00E-20	1.00E-20	1.00E-20	1.00E-20	1.00E-20
20160625	6.35	1.00E-20	1.53E-05	1.00E-20	1.00E-20	1.00E-20	1.00E-20	1.00E-20	1.00E-20
20160626	6.35	1.00E-20	1.53E-05	1.00E-20	1.00E-20	1.00E-20	1.00E-20	1.00E-20	1.00E-20
20160627	6.35	1.00E-20	1.53E-05	1.00E-20	1.00E-20	1.00E-20	1.00E-20	1.00E-20	1.00E-20
20160628	5.63	1.00E-20	2.15E-06	1.00E-20	1.00E-20	1.00E-20	1.00E-20	1.00E-20	1.00E-20
20160629	5.63	1.00E-20	2.15E-06	1.00E-20	1.00E-20	1.00E-20	1.00E-20	1.00E-20	1.00E-20
20160630	5.63	1.00E-20	2.15E-06	1.00E-20	1.00E-20	1.00E-20	1.00E-20	1.00E-20	1.00E-20
20160701	5.63	1.00E-20	2.15E-06	1.00E-20	1.00E-20	1.00E-20	1.00E-20	1.00E-20	1.00E-20
20160702	5.63	1.00E-20	2.15E-06	1.00E-20	1.00E-20	1.00E-20	1.00E-20	1.00E-20	1.00E-20
20160703	5.63	1.00E-20	2.15E-06	1.00E-20	1.00E-20	1.00E-20	1.00E-20	1.00E-20	1.00E-20
20160704	5.63	1.00E-20	2.15E-06	1.00E-20	1.00E-20	1.00E-20	1.00E-20	1.00E-20	1.00E-20
20160705	6.39	1.00E-20	1.33E-05	1.00E-20	1.00E-20	1.00E-20	1.00E-20	1.00E-20	1.00E-20
20160706	6.39	1.00E-20	1.33E-05	1.00E-20	1.00E-20	1.00E-20	1.00E-20	1.00E-20	1.00E-20
20160707	6.39	1.00E-20	1.33E-05	1.00E-20	1.00E-20	1.00E-20	1.00E-20	1.00E-20	1.00E-20
20160708	6.39	1.00E-20	1.33E-05	1.00E-20	1.00E-20	1.00E-20	1.00E-20	1.00E-20	1.00E-20
20160709	6.39	1.00E-20	1.33E-05	1.00E-20	1.00E-20	1.00E-20	1.00E-20	1.00E-20	1.00E-20
20160710	6.39	1.00E-20	1.33E-05	1.00E-20	1.00E-20	1.00E-20	1.00E-20	1.00E-20	1.00E-20
20160711	6.39	1.00E-20	1.33E-05	1.00E-20	1.00E-20	1.00E-20	1.00E-20	1.00E-20	1.00E-20
20160712	6.33	1.00E-20	1.30E-05	1.00E-20	1.00E-20	1.00E-20	1.00E-20	1.00E-20	1.00E-20
20160713	6.33	1.00E-20	1.30E-05	1.00E-20	1.00E-20	1.00E-20	1.00E-20	1.00E-20	1.00E-20
20160714	6.33	1.00E-20	1.30E-05	1.00E-20	1.00E-20	1.00E-20	1.00E-20	1.00E-20	1.00E-20
20160715	6.33	1.00E-20	1.30E-05	1.00E-20	1.00E-20	1.00E-20	1.00E-20	1.00E-20	1.00E-20
20160716	6.33	1.00E-20	1.30E-05	1.00E-20	1.00E-20	1.00E-20	1.00E-20	1.00E-20	1.00E-20
20160717	6.33	1.00E-20	1.30E-05	1.00E-20	1.00E-20	1.00E-20	1.00E-20	1.00E-20	1.00E-20
20160718	6.33	1.00E-20	1.30E-05	1.00E-20	1.00E-20	1.00E-20	1.00E-20	1.00E-20	1.00E-20
20160719	6.49	1.00E-20	1.71E-05	1.00E-20	1.00E-20	1.00E-20	1.00E-20	1.00E-20	1.00E-20
20160720	6.49	1.00E-20	1.71E-05	1.00E-20	1.00E-20	1.00E-20	1.00E-20	1.00E-20	1.00E-20
20160721	6.49	1.00E-20	1.71E-05	1.00E-20	1.00E-20	1.00E-20	1.00E-20	1.00E-20	1.00E-20
20160722	6.49	1.00E-20	1.71E-05	1.00E-20	1.00E-20	1.00E-20	1.00E-20	1.00E-20	1.00E-20
20160723	6.49	1.00E-20	1.71E-05	1.00E-20	1.00E-20	1.00E-20	1.00E-20	1.00E-20	1.00E-20
20160724	6.49	1.00E-20	1.71E-05	1.00E-20	1.00E-20	1.00E-20	1.00E-20	1.00E-20	1.00E-20
20160725	6.49	1.00E-20	1.71E-05	1.00E-20	1.00E-20	1.00E-20	1.00E-20	1.00E-20	1.00E-20
20160726	6.75	1.00E-20	2.17E-05	1.00E-20	1.00E-20	1.00E-20	1.00E-20	1.00E-20	1.00E-20
20160727	6.75	1.00E-20	2.17E-05	1.00E-20	1.00E-20	1.00E-20	1.00E-20	1.00E-20	1.00E-20
20160728	6.75	1.00E-20	2.17E-05	1.00E-20	1.00E-20	1.00E-20	1.00E-20	1.00E-20	1.00E-20
20160729	6.75	1.00E-20	2.17E-05	1.00E-20	1.00E-20	1.00E-20	1.00E-20	1.00E-20	1.00E-20
20160730	6.75	1.00E-20	2.17E-05	1.00E-20	1.00E-20	1.00E-20	1.00E-20	1.00E-20	1.00E-20
20160731	6.75	1.00E-20	2.17E-05	1.00E-20	1.00E-20	1.00E-20	1.00E-20	1.00E-20	1.00E-20
20160801	6.75	1.00E-20	2.17E-05	1.00E-20	1.00E-20	1.00E-20	1.00E-20	1.00E-20	1.00E-20
20160802	5.99	1.00E-20	5.65E-06	1.00E-20	1.00E-20	1.00E-20	1.00E-20	1.00E-20	1.00E-20
20160803	5.99	1.00E-20	5.65E-06	1.00E-20	1.00E-20	1.00E-20	1.00E-20	1.00E-20	1.00E-20
20160804	5.99	1.00E-20	5.65E-06	1.00E-20	1.00E-20	1.00E-20	1.00E-20	1.00E-20	1.00E-20
20160805	5.99	1.00E-20	5.65E-06	1.00E-20	1.00E-20	1.00E-20	1.00E-20	1.00E-20	1.00E-20
20160806	5.99	1.00E-20	5.65E-06	1.00E-20	1.00E-20	1.00E-20	1.00E-20	1.00E-20	1.00E-20
20160807	5.99	1.00E-20	5.65E-06	1.00E-20	1.00E-20	1.00E-20	1.00E-20	1.00E-20	1.00E-20
20160808	5.99	1.00E-20	5.65E-06	1.00E-20	1.00E-20	1.00E-20	1.00E-20	1.00E-20	1.00E-20
20160809	6.27	1.00E-20	6.70E-06	1.00E-20	1.00E-20	1.00E-20	1.00E-20	1.00E-20	1.00E-20
20160810	6.27	1.00E-20	6.70E-06	1.00E-20	1.00E-20	1.00E-20	1.00E-20	1.00E-20	1.00E-20
20160811	6.27	1.00E-20	6.70E-06	1.00E-20	1.00E-20	1.00E-20	1.00E-20	1.00E-20	1.00E-20
20160812	6.27	1.00E-20	6.70E-06	1.00E-20	1.00E-20	1.00E-20	1.00E-20	1.00E-20	1.00E-20
20160813	6.27	1.00E-20	6.70E-06	1.00E-20	1.00E-20	1.00E-20	1.00E-20	1.00E-20	1.00E-20
20160814	6.27	1.00E-20	6.70E-06	1.00E-20	1.00E-20	1.00E-20	1.00E-20	1.00E-20	1.00E-20
20160815	6.27	1.00E-20	6.70E-06	1.00E-20	1.00E-20	1.00E-20	1.00E-20	1.00E-20	1.00E-20
20160816	6.33	1.00E-20	1.14E-05	1.00E-20	1.00E-20	1.00E-20	1.00E-20	1.00E-20	1.00E-20
20160817	6.33	1.00E-20	1.14E-05	1.00E-20	1.00E-20	1.00E-20	1.00E-20	1.00E-20	1.00E-20
20160818	6.33	1.00E-20	1.14E-05	1.00E-20	1.00E-20	1.00E-20	1.00E-20	1.00E-20	1.00E-20
20160819	6.33	1.00E-20	1.14E-05	1.00E-20	1.00E-20	1.00E-20	1.00E-20	1.00E-20	1.00E-20
20160820	6.33	1.00E-20	1.14E-05	1.00E-20	1.00E-20	1.00E-20	1.00E-20	1.00E-20	1.00E-20
20160821	6.33	1.00E-20	1.14E-05	1.00E-20	1.00E-20	1.00E-20	1.00E-20	1.00E-20	1.00E-20
20160822	6.33	1.00E-20	1.14E-05	1.00E-20	1.00E-20	1.00E-20	1.00E-20	1.00E-20	1.00E-20
20160823	5.48	1.00E-20	2.38E-06	1.00E-20	1.00E-20	1.00E-20	1.00E-20	1.00E-20	1.00E-20
20160824	5.48	1.00E-20	2.38E-06	1.00E-20	1.00E-20	1.00E-20	1.00E-20	1.00E-20	1.00E-20
20160825	5.48	1.00E-20	2.38E-06	1.00E-20	1.00E-20	1.00E-20	1.00E-20	1.00E-20	1.00E-20
20160826	5.48	1.00E-20	2.38E-06	1.00E-20	1.00E-20	1.00E-20	1.00E-20	1.00E-20	1.00E-20
20160827	5.48	1.00E-20	2.38E-06	1.00E-20	1.00E-20	1.00E-20	1.00E-20	1.00E-20	1.00E-20
20160828	5.48	1.00E-20	2.38E-06	1.00E-20	1.00E-20	1.00E-20	1.00E-20	1.00E-20	1.00E-20
20160829	5.48	1.00E-20	2.38E-06	1.00E-20	1.00E-20	1.00E-20	1.00E-20	1.00E-20	1.00E-20
20160830	5.1	1.00E-20	1.70E-06	1.00E-20	1.00E-20	1.00E-20	1.00E-20	1.00E-20	1.00E-20
20160831	5.1	1.00E-20	1.70E-06	1.00E-20	1.00E-20	1.00E-20	1.00E-20	1.00E-20	1.00E-20
20160901	5.1	1.00E-20	1.70E-06	1.00E-20	1.00E-20	1.00E-20	1.00E-20	1.00E-20	1.00E-20
20160902	5.1	1.00E-20	1.70E-06	1.00E-20	1.00E-20	1.00E-20	1.00E-20	1.00E-20	1.00E-20
20160903	5.1	1.00E-20	1.70E-06	1.00E-20	1.00E-20	1.00E-20	1.00E-20	1.00E-20	1.00E-20
20160904	5.1	1.00E-20	1.70E-06	1.00E-20	1.00E-20	1.00E-20	1.00E-20	1.00E-20	1.00E-20
20160905	5.1	1.00E-20	1.70E-06	1.00E-20	1.00E-20	1.00E-20	1.00E-20	1.00E-20	1.00E-20
20160906	5.55	1.00E-20	9.20E-06	1.00E-20	1.00E-20	1.00E-20	1.00E-20	1.00E-20	1.00E-20
20160907	5.55	1.00E-20	9.20E-06	1.00E-20	1.00E-20	1.00E-20	1.00E-20	1.00E-20	1.00E-20
20160908	5.55	1.00E-20	9.20E-06	1.00E-20	1.00E-20	1.00E-20	1.00E-20	1.00E-20	1.00E-20
20160909	5.55	1.00E-20	9.20E-06	1.00E-20	1.00E-20	1.00E-20	1.00E-20	1.00E-20	1.00E-20
20160910	5.55	1.00E-20	9.20E-06	1.00E-20	1.00E-20	1.00E-20	1.00E-20	1.00E-20	1.00E-20
20160911	5.55	1.00E-20	9.20E-06	1.00E-20	1.00E-20	1.00E-20	1.00E-20	1.00E-20	1.00E-20
20160912	5.55	1.00E-20	9.20E-06	1.00E-20	1.00E-20	1.00E-20	1.00E-20	1.00E-20	1.00E-20
20160913	5.38	1.00E-20	6.20E-06	1.00E-20	1.00E-20	1.00E-20	1.00E-20	1.00E-20	1.00E-20
20160914	5.38	1.00E-20	6.20E-06	1.00E-20	1.00E-20	1.00E-20	1.00E-20	1.00E-20	1.00E-20
20160915	5.38	1.00E-20	6.20E-06	1.00E-20	1.00E-20	1.00E-20	1.00E-20	1.00E-20	1.00E-20
20160916	5.38	1.00E-20	6.20E-06	1.00E-20	1.00E-20	1.00E-20	1.00E-20	1.00E-20	1.00E-20
20160917	5.38	1.00E-20	6.20E-06	1.00E-20	1.00E-20	1.00E-20	1.00E-20	1.00E-20	1.00E-20
20160918	5.38	1.00E-20	6.20E-06	1.00E-20	1.00E-20	1.00E-20	1.00E-20	1.00E-20	1.00E-20
20160919	5.38	1.00E-20	6.20E-06	1.00E-20	1.00E-20	1.00E-20	1.00E-20	1.00E-20	1.00E-20
20160920	5.94	1.00E-20	6.28E-06	1.00E-20	1.00E-20	1.00E-20	1.00E-20	1.00E-20	1.00E-20
20160921	5.94	1.00E-20	6.28E-06	1.00E-20	1.00E-20	1.00E-20	1.00E-20	1.00E-20	1.00E-20
20160922	5.94	1.00E-20	6.28E-06	1.00E-20	1.00E-20	1.00E-20	1.00E-20	1.00E-20	1.00E-20
20160923	5.94	1.00E-20	6.28E-06	1.00E-20	1.00E-20	1.00E-20	1.00E-20	1.00E-20	1.00E-20
20160924	5.94	1.00E-20	6.28E-06	1.00E-20	1.00E-20	1.00E-20	1.00E-20	1.00E-20	1.00E-20
20160925	5.94	1.00E-20	6.28E-06	1.00E-20	1.00E-20	1.00E-20	1.00E-20	1.00E-20	1.00E-20
20160926	5.94	1.00E-20	6.28E-06	1.00E-20	1.00E-20	1.00E-20	1.00E-20	1.00E-20	1.00E-20
20160927	5.94	1.00E-20	4.26E-05	1.00E-20	1.00E-20	1.00E-20	1.00E-20	1.00E-20	1.00E-20
20160928	5.94	1.00E-20	4.26E-05	1.00E-20	1.00E-20	1.00E-20	1.00E-20	1.00E-20	1.00E-20
20160929	5.94	1.00E-20	4.26E-05	1.00E-20	1.00E-20	1.00E-20	1.00E-20	1.00E-20	1.00E-20
20160930	5.94	1.00E-20	4.26E-05	1.00E-20	1.00E-20	1.00E-20	1.00E-20	1.00E-20	1.00E-20
20161001	5.94	1.00E-20	4.26E-05	1.00E-20	1.00E-20	1.00E-20	1.00E-20	1.00E-20	1.00E-20
20161002	5.94	1.00E-20	4.26E-05	1.00E-20	1.00E-20	1.00E-20	1.00E-20	1.00E-20	1.00E-20
20161003	5.94	1.00E-20	4.26E-05	1.00E-20	1.00E-20	1.00E-20	1.00E-20	1.00E-20	1.00E-20
20161004	6	1.00E-20	7.43E-06	1.00E-20	1.00E-20	1.00E-20	1.00E-20	1.00E-20	1.00E-20
20161005	6	1.00E-20	7.43E-06	1.00E-20	1.00E-20	1.00E-20	1.00E-20	1.00E-20	1.00E-20
20161006	6	1.00E-20	7.43E-06	1.00E-20	1.00E-20	1.00E-20	1.00E-20	1.00E-20	1.00E-20
20161007	6	1.00E-20	7.43E-06	1.00E-20	1.00E-20	1.00E-20	1.00E-20	1.00E-20	1.00E-20
20161008	6	1.00E-20	7.43E-06	1.00E-20	1.00E-20	1.00E-20	1.00E-20	1.00E-20	1.00E-20
20161009	6	1.00E-20	7.43E-06	1.00E-20	1.00E-20	1.00E-20	1.00E-20	1.00E-20	1.00E-20
20161010	6	1.00E-20	7.43E-06	1.00E-20	1.00E-20	1.00E-20	1.00E-20	1.00E-20	1.00E-20
20161011	6	1.00E-20	7.43E-06	1.00E-20	1.00E-20	1.00E-20	1.00E-20	1.00E-20	1.00E-20
20161012	6	1.00E-20	7.43E-06	1.00E-20	1.00E-20	1.00E-20	1.00E-20	1.00E-20	1.00E-20
20161013	6	1.00E-20	7.43E-06	1.00E-20	1.00E-20	1.00E-20	1.00E-20	1.00E-20	1.00E-20
20161014	6	1.00E-20	7.43E-06	1.00E-20	1.00E-20	1.00E-20	1.00E-20	1.00E-20	1.00E-20
20161015	6	1.00E-20	7.43E-06	1.00E-20	1.00E-20	1.00E-20	1.00E-20	1.00E-20	1.00E-20
20161016	6	1.00E-20	7.43E-06	1.00E-20	1.00E-20	1.00E-20	1.00E-20	1.00E-20	1.00E-20
20161017	6	1.00E-20	7.43E-06	1.00E-20	1.00E-20	1.00E-20	1.00E-20	1.00E-20	1.00E-20
20161018	7.4	1.00E-20	0.0001161	1.00E-20	1.00E-20	1.00E-20	1.00E-20	1.00E-20	1.00E-20
20161019	7.4	1.00E-20	0.0001161	1.00E-20	1.00E-20	1.00E-20	1.00E-20	1.00E-20	1.00E-20
20161020	7.4	1.00E-20	0.0001161	1.00E-20	1.00E-20	1.00E-20	1.00E-20	1.00E-20	1.00E-20
20161021	7.4	1.00E-20	0.0001161	1.00E-20	1.00E-20	1.00E-20	1.00E-20	1.00E-20	1.00E-20
20161022	7.4	1.00E-20	0.0001161	1.00E-20	1.00E-20	1.00E-20	1.00E-20	1.00E-20	1.00E-20
20161023	7.4	1.00E-20	0.0001161	1.00E-20	1.00E-20	1.00E-20	1.00E-20	1.00E-20	1.00E-20
20161024	7.4	1.00E-20	0.0001161	1.00E-20	1.00E-20	1.00E-20	1.00E-20	1.00E-20	1.00E-20
20161025	6.31	1.00E-20	8.25E-06	1.00E-20	1.00E-20	1.00E-20	1.00E-20	1.00E-20	1.00E-20
20161026	6.31	1.00E-20	8.25E-06	1.00E-20	1.00E-20	1.00E-20	1.00E-20	1.00E-20	1.00E-20
20161027	6.31	1.00E-20	8.25E-06	1.00E-20	1.00E-20	1.00E-20	1.00E-20	1.00E-20	1.00E-20
20161028	6.31	1.00E-20	8.25E-06	1.00E-20	1.00E-20	1.00E-20	1.00E-20	1.00E-20	1.00E-20
20161029	6.31	1.00E-20	8.25E-06	1.00E-20	1.00E-20	1.00E-20	1.00E-20	1.00E-20	1.00E-20
20161030	6.31	1.00E-20	8.25E-06	1.00E-20	1.00E-20	1.00E-20	1.00E-20	1.00E-20	1.00E-20
20161031	6.31	1.00E-20	8.25E-06	1.00E-20	1.00E-20	1.00E-20	1.00E-20	1.00E-20	1.00E-20
20161101	6.75	1.00E-20	4.10E-05	1.00E-20	1.00E-20	1.00E-20	1.00E-20	1.00E-20	1.00E-20
20161102	6.75	1.00E-20	4.10E-05	1.00E-20	1.00E-20	1.00E-20	1.00E-20	1.00E-20	1.00E-20
20161103	6.75	1.00E-20	4.10E-05	1.00E-20	1.00E-20	1.00E-20	1.00E-20	1.00E-20	1.00E-20
20161104	6.75	1.00E-20	4.10E-05	1.00E-20	1.00E-20	1.00E-20	1.00E-20	1.00E-20	1.00E-20
20161105	6.75	1.00E-20	4.10E-05	1.00E-20	1.00E-20	1.00E-20	1.00E-20	1.00E-20	1.00E-20
20161106	6.75	1.00E-20	4.10E-05	1.00E-20	1.00E-20	1.00E-20	1.00E-20	1.00E-20	1.00E-20
20161107	6.75	1.00E-20	4.10E-05	1.00E-20	1.00E-20	1.00E-20	1.00E-20	1.00E-20	1.00E-20
20161108	6.75	1.00E-20	4.10E-05	1.00E-20	1.00E-20	1.00E-20	1.00E-20	1.00E-20	1.00E-20
20161109	6.75	1.00E-20	4.10E-05	1.00E-20	1.00E-20	1.00E-20	1.00E-20	1.00E-20	1.00E-20
20161110	6.75	1.00E-20	4.10E-05	1.00E-20	1.00E-20	1.00E-20	1.00E-20	1.00E-20	1.00E-20
20161111	6.75	1.00E-20	4.10E-05	1.00E-20	1.00E-20	1.00E-20	1.00E-20	1.00E-20	1.00E-20
20161112	6.75	1.00E-20	4.10E-05	1.00E-20	1.00E-20	1.00E-20	1.00E-20	1.00E-20	1.00E-20
20161113	6.75	1.00E-20	4.10E-05	1.00E-20	1.00E-20	1.00E-20	1.00E-20	1.00E-20	1.00E-20
20161114	6.75	1.00E-20	4.10E-05	1.00E-20	1.00E-20	1.00E-20	1.00E-20	1.00E-20	1.00E-20
20161115	5.99	1.00E-20	2.28E-05	1.00E-20	1.00E-20	1.00E-20	1.00E-20	1.00E-20	1.00E-20
20161116	5.99	1.00E-20	2.28E-05	1.00E-20	1.00E-20	1.00E-20	1.00E-20	1.00E-20	1.00E-20
20161117	5.99	1.00E-20	2.28E-05	1.00E-20	1.00E-20	1.00E-20	1.00E-20	1.00E-20	1.00E-20
20161118	5.99	1.00E-20	2.28E-05	1.00E-20	1.00E-20	1.00E-20	1.00E-20	1.00E-20	1.00E-20
20161119	5.99	1.00E-20	2.28E-05	1.00E-20	1.00E-20	1.00E-20	1.00E-20	1.00E-20	1.00E-20
20161120	5.99	1.00E-20	2.28E-05	1.00E-20	1.00E-20	1.00E-20	1.00E-20	1.00E-20	1.00E-20
20161121	5.99	1.00E-20	2.28E-05	1.00E-20	1.00E-20	1.00E-20	1.00E-20	1.00E-20	1.00E-20
20161122	5.1	1.00E-20	8.25E-06	1.00E-20	1.00E-20	1.00E-20	1.00E-20	1.00E-20	1.00E-20
20161123	5.1	1.00E-20	8.25E-06	1.00E-20	1.00E-20	1.00E-20	1.00E-20	1.00E-20	1.00E-20
20161124	5.1	1.00E-20	8.25E-06	1.00E-20	1.00E-20	1.00E-20	1.00E-20	1.00E-20	1.00E-20
20161125	5.1	1.00E-20	8.25E-06	1.00E-20	1.00E-20	1.00E-20	1.00E-20	1.00E-20	1.00E-20
20161126	5.1	1.00E-20	8.25E-06	1.00E-20	1.00E-20	1.00E-20	1.00E-20	1.00E-20	1.00E-20
20161127	5.1	1.00E-20	8.25E-06	1.00E-20	1.00E-20	1.00E-20	1.00E-20	1.00E-20	1.00E-20
20161128	5.1	1.00E-20	8.25E-06	1.00E-20	1.00E-20	1.00E-20	1.00E-20	1.00E-20	1.00E-20
20161129	5.43	1.00E-20	3.30E-06	1.00E-20	1.00E-20	1.00E-20	1.00E-20	1.00E-20	1.00E-20
20161130	5.43	1.00E-20	3.30E-06	1.00E-20	1.00E-20	1.00E-20	1.00E-20	1.00E-20	1.00E-20
20161201	5.43	1.00E-20	3.30E-06	1.00E-20	1.00E-20	1.00E-20	1.00E-20	1.00E-20	1.00E-20
20161202	5.43	1.00E-20	3.30E-06	1.00E-20	1.00E-20	1.00E-20	1.00E-20	1.00E-20	1.00E-20
20161203	5.43	1.00E-20	3.30E-06	1.00E-20	1.00E-20	1.00E-20	1.00E-20	1.00E-20	1.00E-20
20161204	5.43	1.00E-20	3.30E-06	1.00E-20	1.00E-20	1.00E-20	1.00E-20	1.00E-20	1.00E-20
20161205	5.43	1.00E-20	3.30E-06	1.00E-20	1.00E-20	1.00E-20	1.00E-20	1.00E-20	1.00E-20
20161206	5.43	1.00E-20	3.30E-06	1.00E-20	1.00E-20	1.00E-20	1.00E-20	1.00E-20	1.00E-20
20161207	5.43	1.00E-20	3.30E-06	1.00E-20	1.00E-20	1.00E-20	1.00E-20	1.00E-20	1.00E-20
20161208	5.43	1.00E-20	3.30E-06	1.00E-20	1.00E-20	1.00E-20	1.00E-20	1.00E-20	1.00E-20
20161209	5.43	1.00E-20	3.30E-06	1.00E-20	1.00E-20	1.00E-20	1.00E-20	1.00E-20	1.00E-20
20161210	5.43	1.00E-20	3.30E-06	1.00E-20	1.00E-20	1.00E-20	1.00E-20	1.00E-20	1.00E-20
20161211	5.43	1.00E-20	3.30E-06	1.00E-20	1.00E-20	1.00E-20	1.00E-20	1.00E-20	1.00E-20
20161212	5.43	1.00E-20	3.30E-06	1.00E-20	1.00E-20	1.00E-20	1.00E-20	1.00E-20	1.00E-20
20161213	5.43	1.00E-20	3.30E-06	1.00E-20	1.00E-20	1.00E-20	1.00E-20	1.00E-20	1.00E-20
20161214	5.43	1.00E-20	3.30E-06	1.00E-20	1.00E-20	1.00E-20	1.00E-20	1.00E-20	1.00E-20
20161215	5.43	1.00E-20	3.30E-06	1.00E-20	1.00E-20	1.00E-20	1.00E-20	1.00E-20	1.00E-20
20161216	5.43	1.00E-20	3.30E-06	1.00E-20	1.00E-20	1.00E-20	1.00E-20	1.00E-20	1.00E-20
20161217	5.43	1.00E-20	3.30E-06	1.00E-20	1.00E-20	1.00E-20	1.00E-20	1.00E-20	1.00E-20
20161218	5.43	1.00E-20	3.30E-06	1.00E-20	1.00E-20	1.00E-20	1.00E-20	1.00E-20	1.00E-20
20161219	5.43	1.00E-20	3.30E-06	1.00E-20	1.00E-20	1.00E-20	1.00E-20	1.00E-20	1.00E-20
20161220	5.9	1.00E-20	5.00E-06	1.00E-20	1.00E-20	1.00E-20	1.00E-20	1.00E-20	1.00E-20
20161221	5.9	1.00E-20	5.00E-06	1.00E-20	1.00E-20	1.00E-20	1.00E-20	1.00E-20	1.00E-20
20161222	5.9	1.00E-20	5.00E-06	1.00E-20	1.00E-20	1.00E-20	1.00E-20	1.00E-20	1.00E-20
20161223	5.9	1.00E-20	5.00E-06	1.00E-20	1.00E-20	1.00E-20	1.00E-20	1.00E-20	1.00E-20
20161224	5.9	1.00E-20	5.00E-06	1.00E-20	1.00E-20	1.00E-20	1.00E-20	1.00E-20	1.00E-20
20161225	5.9	1.00E-20	5.00E-06	1.00E-20	1.00E-20	1.00E-20	1.00E-20	1.00E-20	1.00E-20
20161226	5.9	1.00E-20	5.00E-06	1.00E-20	1.00E-20	1.00E-20	1.00E-20	1.00E-20	1.00E-20
20161227	5.81	1.00E-20	4.55E-06	1.00E-20	1.00E-20	1.00E-20	1.00E-20	1.00E-20	1.00E-20
20161228	5.81	1.00E-20	4.55E-06	1.00E-20	1.00E-20	1.00E-20	1.00E-20	1.00E-20	1.00E-20
20161229	5.81	1.00E-20	4.55E-06	1.00E-20	1.00E-20	1.00E-20	1.00E-20	1.00E-20	1.00E-20
20161230	5.81	1.00E-20	4.55E-06	1.00E-20	1.00E-20	1.00E-20	1.00E-20	1.00E-20	1.00E-20
20161231	5.81	1.00E-20	4.55E-06	1.00E-20	1.00E-20	1.00E-20	1.00E-20	1.00E-20	1.00E-20
