Date	Qsim	Qobs	Precipitation	Temperature	AET	PET	Snow	Snowcover	SM	Recharge	SUZ	SLZ	Q0	Q1	Q2	Qsim_rain	Qsim_snow
20160101	0.7024416946	0.610150228	0.0	-1.5	0.00	0.81	1.3	1.00	77.1	0.0	0.0	20.9	0.000	0.000	0.7024416946	0.564	0.139
20160102	0.6795689251	0.595793752	0.0	-0.4	0.00	1.00	1.3	1.00	77.1	0.0	0.0	20.2	0.000	0.000	0.6795689251	0.545	0.134
20160103	0.6574409343	0.552724324	0.0	-2.0	0.00	0.75	1.3	1.00	77.1	0.0	0.0	19.5	0.000	0.000	0.6574409343	0.527	0.130
20160104	0.6360334708	0.516833134	0.0	-6.0	0.00	0.47	1.3	1.00	77.1	0.0	0.0	18.9	0.000	0.000	0.6360334708	0.510	0.126
20160105	0.6153230729	0.509654896	0.0	-0.9	0.00	0.96	1.3	1.00	77.1	0.0	0.0	18.3	0.000	0.000	0.6153230729	0.494	0.122
20160106	0.6301978063	0.516833134	0.5	2.0	0.00	0.81	0.0	0.00	77.8	1.1	0.0	18.7	0.000	0.000	0.6301978063	0.506	0.124
20160107	0.9014656103	0.559902562	7.4	4.3	0.92	0.92	0.0	0.00	79.5	4.8	0.3	22.3	0.000	0.1501375078	0.7513281025	0.733	0.168
20160108	0.7369451298	0.5670808	0.0	1.0	0.82	0.82	0.0	0.00	78.7	0.0	0.0	21.9	0.000	0.000	0.7369451298	0.597	0.140
20160109	0.7129488662	0.502476658	0.0	-6.9	0.47	0.47	0.0	0.00	78.2	0.0	0.0	21.2	0.000	0.000	0.7129488662	0.577	0.136
20160110	0.6897339643	0.445050754	0.0	-10.8	0.37	0.37	0.0	0.00	77.8	0.0	0.0	20.5	0.000	0.000	0.6897339643	0.558	0.131
20160111	0.6672749814	0.466585468	0.0	0.7	0.84	0.84	0.0	0.00	77.0	0.0	0.0	19.8	0.000	0.000	0.6672749814	0.540	0.127
20160112	0.6455473036	0.445050754	0.0	-3.2	0.64	0.64	0.0	0.00	76.4	0.0	0.0	19.2	0.000	0.000	0.6455473036	0.523	0.123
20160113	0.6245271182	0.452228992	0.0	3.4	1.65	1.65	0.0	0.00	74.7	0.0	0.0	18.6	0.000	0.000	0.6245271182	0.506	0.119
20160114	0.6041913879	0.480941944	0.0	7.0	1.15	1.15	0.0	0.00	73.6	0.0	0.0	18.0	0.000	0.000	0.6041913879	0.489	0.115
20160115	0.5845178257	0.452228992	0.0	-1.0	0.68	0.68	0.0	0.00	72.9	0.0	0.0	17.4	0.000	0.000	0.5845178257	0.473	0.111
20160116	0.5654848703	0.409159565	0.0	-3.9	0.78	0.78	0.0	0.00	72.1	0.0	0.0	16.8	0.000	0.000	0.5654848703	0.458	0.108
20160117	0.5470716622	0.366090137	0.0	-12.5	0.27	0.27	0.0	0.00	71.8	0.0	0.0	16.3	0.000	0.000	0.5470716622	0.443	0.104
20160118	0.5292580214	0.358911899	0.0	-8.2	0.68	0.68	0.0	0.00	71.1	0.0	0.0	15.7	0.000	0.000	0.5292580214	0.428	0.101
20160119	0.5120244249	0.366090137	0.5	-4.8	0.57	0.57	0.3	1.00	70.6	0.0	0.0	15.2	0.000	0.000	0.5120244249	0.415	0.098
20160120	0.4953519854	0.373268375	2.5	-3.1	0.00	0.68	1.9	1.00	70.6	0.0	0.0	14.7	0.000	0.000	0.4953519854	0.401	0.094
20160121	0.4792224307	0.366090137	2.8	-3.6	0.00	0.62	3.7	1.00	70.6	0.0	0.0	14.2	0.000	0.000	0.4792224307	0.388	0.091
20160122	0.4636180833	0.344555423	0.0	-4.3	0.00	0.59	3.7	1.00	70.6	0.0	0.0	13.8	0.000	0.000	0.4636180833	0.375	0.088
20160123	0.4485218417	0.344555423	0.0	-3.4	0.00	0.72	3.7	1.00	70.6	0.0	0.0	13.3	0.000	0.000	0.4485218417	0.363	0.085
20160124	0.4430469620	0.358911899	0.0	1.5	0.00	1.17	3.0	1.00	71.1	0.3	0.0	13.2	0.000	0.000	0.443046962	0.359	0.084
20160125	0.4286205532	0.344555423	0.0	-0.3	0.00	0.81	3.0	1.00	71.1	0.0	0.0	12.7	0.000	0.000	0.4286205532	0.347	0.081
20160126	0.4146638943	0.301485995	0.0	-0.5	0.00	0.79	3.0	1.00	71.1	0.0	0.0	12.3	0.000	0.000	0.4146638943	0.336	0.079
20160127	0.4396590707	0.294307757	0.0	3.1	0.00	1.88	0.0	0.00	72.8	1.2	0.0	13.1	0.000	0.000	0.4396590707	0.355	0.084
20160128	0.4253429777	0.294307757	0.0	3.9	1.31	1.31	0.0	0.00	71.5	0.0	0.0	12.6	0.000	0.000	0.4253429777	0.344	0.081
20160129	0.4114930426	0.294307757	0.0	7.8	5.50	5.50	0.0	0.00	66.0	0.0	0.0	12.2	0.000	0.000	0.4114930426	0.333	0.079
20160130	0.3980940864	0.279951281	0.0	5.8	2.29	2.29	0.0	0.00	63.7	0.0	0.0	11.8	0.000	0.000	0.3980940864	0.322	0.076
20160131	0.3851314244	0.258416567	0.0	5.8	1.24	1.24	0.0	0.00	62.5	0.0	0.0	11.4	0.000	0.000	0.3851314244	0.311	0.074
20160201	0.3826383473	0.236881853	1.5	5.0	1.15	1.15	0.0	0.00	62.5	0.3	0.0	11.4	0.000	0.000	0.3826383473	0.309	0.073
20160202	0.4557856835	0.394803089	9.9	3.5	1.06	1.06	0.0	0.00	68.7	2.6	0.0	13.5	0.000	0.000	0.4557856835	0.370	0.086
20160203	0.4409444789	0.366090137	0.0	-2.7	0.69	0.69	0.0	0.00	68.1	0.0	0.0	13.1	0.000	0.000	0.4409444789	0.358	0.083
20160204	0.4265865308	0.337377185	0.0	-2.7	1.19	1.19	0.0	0.00	66.9	0.0	0.0	12.7	0.000	0.000	0.4265865308	0.346	0.080
20160205	0.4126961034	0.344555423	0.0	-1.0	1.33	1.33	0.0	0.00	65.5	0.0	0.0	12.3	0.000	0.000	0.4126961034	0.335	0.078
20160206	0.3992579733	0.351733661	0.0	1.8	1.62	1.62	0.0	0.00	63.9	0.0	0.0	11.9	0.000	0.000	0.3992579733	0.324	0.075
20160207	0.3862574130	0.366090137	0.0	5.6	1.24	1.24	0.0	0.00	62.7	0.0	0.0	11.5	0.000	0.000	0.386257413	0.313	0.073
20160208	0.3736801745	0.358911899	0.0	1.5	1.07	1.07	0.0	0.00	61.6	0.0	0.0	11.1	0.000	0.000	0.3736801745	0.303	0.070
20160209	0.3615124735	0.344555423	0.0	-3.0	0.72	0.72	0.0	0.00	60.9	0.0	0.0	10.7	0.000	0.000	0.3615124735	0.293	0.068
20160210	0.3497409748	0.351733661	0.0	3.8	6.16	6.16	0.0	0.00	54.7	0.0	0.0	10.4	0.000	0.000	0.3497409748	0.284	0.066
20160211	0.3383527774	0.344555423	0.0	-0.5	0.97	1.02	0.0	0.00	53.8	0.0	0.0	10.1	0.000	0.000	0.3383527774	0.275	0.064
20160212	0.3273354002	0.330198947	0.0	-1.5	0.85	0.91	0.0	0.00	52.9	0.0	0.0	9.7	0.000	0.000	0.3273354002	0.266	0.062
20160213	0.3166767688	0.323020709	0.0	-5.4	0.68	0.74	0.0	0.00	52.2	0.0	0.0	9.4	0.000	0.000	0.3166767688	0.257	0.060
20160214	0.3063652016	0.330198947	0.0	1.3	4.18	4.60	0.0	0.00	48.0	0.0	0.0	9.1	0.000	0.000	0.3063652016	0.249	0.058
20160215	0.2963893976	0.337377185	0.0	6.9	1.65	1.98	0.0	0.00	46.4	0.0	0.0	8.8	0.000	0.000	0.2963893976	0.240	0.056
20160216	0.2879229171	0.323020709	0.8	6.0	1.14	1.40	0.0	0.00	46.0	0.0	0.0	8.6	0.000	0.000	0.2879229171	0.234	0.054
20160217	0.2785476272	0.301485995	0.0	9.2	3.63	4.53	0.0	0.00	42.4	0.0	0.0	8.3	0.000	0.000	0.2785476272	0.226	0.053
20160218	0.2694776137	0.315842471	0.0	17.1	2.35	3.19	0.0	0.00	40.0	0.0	0.0	8.0	0.000	0.000	0.2694776137	0.219	0.051
20160219	0.2607029362	0.279951281	0.0	16.6	1.43	2.05	0.0	0.00	38.6	0.0	0.0	7.7	0.000	0.000	0.2607029362	0.212	0.049
20160220	0.2522139780	0.265594805	0.0	13.2	4.49	6.68	0.0	0.00	34.1	0.0	0.0	7.5	0.000	0.000	0.252213978	0.205	0.048
20160221	0.2440014357	0.244060091	0.0	6.1	1.32	2.23	0.0	0.00	32.8	0.0	0.0	7.2	0.000	0.000	0.2440014357	0.198	0.046
20160222	0.2360563085	0.236881853	0.0	5.6	1.29	2.26	0.0	0.00	31.5	0.0	0.0	7.0	0.000	0.000	0.2360563085	0.192	0.044
20160223	0.2283698890	0.229703615	0.0	5.6	0.82	1.49	0.0	0.00	30.7	0.0	0.0	6.8	0.000	0.000	0.228369889	0.185	0.043
20160224	0.2209337532	0.222525377	0.0	3.1	0.87	1.63	0.0	0.00	29.8	0.0	0.0	6.6	0.000	0.000	0.2209337532	0.179	0.042
20160225	0.2137397514	0.200990663	0.0	-0.4	0.52	1.00	0.0	0.00	29.3	0.0	0.0	6.4	0.000	0.000	0.2137397514	0.173	0.040
20160226	0.2067799993	0.193812425	0.0	2.9	3.79	7.43	0.0	0.00	25.5	0.0	0.0	6.1	0.000	0.000	0.2067799993	0.168	0.039
20160227	0.2000468693	0.193812425	0.0	11.4	6.33	14.24	0.0	0.00	19.2	0.0	0.0	5.9	0.000	0.000	0.2000468693	0.162	0.038
20160228	0.1935329821	0.186634187	0.0	12.5	0.93	2.77	0.0	0.00	18.2	0.0	0.0	5.8	0.000	0.000	0.1935329821	0.157	0.036
20160229	0.1872311989	0.172277711	0.0	11.2	2.70	8.49	0.0	0.00	15.5	0.0	0.0	5.6	0.000	0.000	0.1872311989	0.152	0.035
20160301	0.1811346131	0.165099473	0.0	1.4	0.38	1.39	0.0	0.00	15.2	0.0	0.0	5.4	0.000	0.000	0.1811346131	0.147	0.034
20160302	0.1752365432	0.165099473	0.0	9.1	1.35	5.09	0.0	0.00	13.8	0.0	0.0	5.2	0.000	0.000	0.1752365432	0.142	0.033
20160303	0.1695380160	0.157921235	1.8	7.4	0.50	1.96	0.0	0.00	15.1	0.0	0.0	5.0	0.000	0.000	0.169538016	0.138	0.032
20160304	0.1640175522	0.150742997	0.0	9.8	1.99	7.55	0.0	0.00	13.1	0.0	0.0	4.9	0.000	0.000	0.1640175522	0.133	0.031
20160305	0.1586768446	0.136386522	0.0	9.5	1.98	8.64	0.0	0.00	11.1	0.0	0.0	4.7	0.000	0.000	0.1586768446	0.129	0.030
20160306	0.1535100401	0.14356476	0.0	16.9	0.50	2.60	0.0	0.00	10.6	0.0	0.0	4.6	0.000	0.000	0.1535100401	0.125	0.029
20160307	0.1485117627	0.14356476	0.3	20.2	0.51	2.69	0.0	0.00	10.4	0.0	0.0	4.4	0.000	0.000	0.1485117627	0.121	0.028
20160308	0.1436788086	0.129208284	2.3	13.9	0.43	2.14	0.0	0.00	12.3	0.0	0.0	4.3	0.000	0.000	0.1436788086	0.117	0.027
20160309	0.1390003672	0.129208284	0.0	9.8	0.49	2.30	0.0	0.00	11.8	0.0	0.0	4.1	0.000	0.000	0.1390003672	0.113	0.026
20160310	0.1344742644	0.114851808	0.0	11.2	1.79	8.67	0.0	0.00	10.0	0.0	0.0	4.0	0.000	0.000	0.1344742644	0.109	0.025
20160311	0.1300955396	0.10767357	0.0	13.5	1.11	6.34	0.0	0.00	8.9	0.0	0.0	3.9	0.000	0.000	0.1300955396	0.106	0.025
20160312	0.1258597893	0.114851808	1.0	12.4	0.38	2.30	0.0	0.00	9.5	0.0	0.0	3.7	0.000	0.000	0.1258597893	0.102	0.024
20160313	0.1217615674	0.114851808	0.0	14.8	0.41	2.48	0.0	0.00	9.1	0.0	0.0	3.6	0.000	0.000	0.1217615674	0.099	0.023
20160314	0.1177969241	0.114851808	0.3	17.6	1.01	6.22	0.0	0.00	8.4	0.0	0.0	3.5	0.000	0.000	0.1177969241	0.096	0.022
20160315	0.1139612437	0.122030046	0.0	13.1	0.37	2.54	0.0	0.00	8.1	0.0	0.0	3.4	0.000	0.000	0.1139612437	0.092	0.021
20160316	0.1102504599	0.10767357	0.0	8.5	0.54	3.84	0.0	0.00	7.5	0.0	0.0	3.3	0.000	0.000	0.1102504599	0.089	0.021
20160317	0.1066605059	0.100495332	0.0	8.4	0.55	4.17	0.0	0.00	7.0	0.0	0.0	3.2	0.000	0.000	0.1066605059	0.087	0.020
20160318	0.1031877874	0.100495332	2.0	4.5	0.25	1.80	0.0	0.00	8.7	0.0	0.0	3.1	0.000	0.000	0.1031877874	0.084	0.019
20160319	0.0998278068	0.100495332	0.0	0.9	0.22	1.42	0.0	0.00	8.5	0.0	0.0	3.0	0.000	0.000	0.0998278068	0.081	0.019
20160320	0.0965772332	0.100495332	0.0	2.9	0.29	1.98	0.0	0.00	8.2	0.0	0.0	2.9	0.000	0.000	0.0965772332	0.078	0.018
20160321	0.0934325042	0.100495332	0.0	11.5	0.98	6.85	0.0	0.00	7.2	0.0	0.0	2.8	0.000	0.000	0.0934325042	0.076	0.018
20160322	0.0903901732	0.100495332	0.0	18.0	0.54	4.30	0.0	0.00	6.7	0.0	0.0	2.7	0.000	0.000	0.0903901732	0.073	0.017
20160323	0.0874469529	0.093317094	0.5	18.6	1.25	10.35	0.0	0.00	5.9	0.0	0.0	2.6	0.000	0.000	0.0874469529	0.071	0.016
20160324	0.0845996079	0.100495332	1.3	3.4	0.26	2.25	0.0	0.00	7.0	0.0	0.0	2.5	0.000	0.000	0.0845996079	0.069	0.016
20160325	0.0818448919	0.093317094	0.0	7.3	0.96	7.93	0.0	0.00	6.0	0.0	0.0	2.4	0.000	0.000	0.0818448919	0.066	0.015
20160326	0.0791820797	0.100495332	5.6	7.2	0.31	2.00	0.0	0.00	11.3	0.0	0.0	2.4	0.000	0.000	0.0791820797	0.064	0.015
20160327	0.0766037683	0.093317094	0.0	6.1	0.47	2.40	0.0	0.00	10.8	0.0	0.0	2.3	0.000	0.000	0.0766037683	0.062	0.014
20160328	0.0741094113	0.093317094	0.0	11.9	0.95	5.02	0.0	0.00	9.9	0.0	0.0	2.2	0.000	0.000	0.0741094113	0.060	0.014
20160329	0.0716962751	0.086138856	0.0	14.5	0.49	2.86	0.0	0.00	9.4	0.0	0.0	2.1	0.000	0.000	0.0716962751	0.058	0.014
20160330	0.0693621244	0.086138856	0.8	19.6	0.72	4.19	0.0	0.00	9.5	0.0	0.0	2.1	0.000	0.000	0.0693621244	0.056	0.013
20160331	0.0671039965	0.078960618	0.8	10.3	0.44	2.58	0.0	0.00	9.8	0.0	0.0	2.0	0.000	0.000	0.0671039965	0.054	0.013
20160401	0.0649189692	0.078960618	0.0	5.9	0.46	2.71	0.0	0.00	9.4	0.0	0.0	1.9	0.000	0.000	0.0649189692	0.053	0.012
20160402	0.0628050904	0.07178238	0.0	9.8	1.52	9.28	0.0	0.00	7.9	0.0	0.0	1.9	0.000	0.000	0.0628050904	0.051	0.012
20160403	0.0607600433	0.064604142	0.0	18.8	1.02	7.43	0.0	0.00	6.8	0.0	0.0	1.8	0.000	0.000	0.0607600433	0.049	0.011
20160404	0.0587815866	0.064604142	0.0	15.0	0.43	3.59	0.0	0.00	6.4	0.0	0.0	1.7	0.000	0.000	0.0587815866	0.048	0.011
20160405	0.0568676128	0.064604142	0.8	18.4	1.33	11.23	0.0	0.00	5.9	0.0	0.0	1.7	0.000	0.000	0.0568676128	0.046	0.011
20160406	0.0550165791	0.064604142	3.8	13.5	0.39	2.84	0.0	0.00	9.3	0.0	0.0	1.6	0.000	0.000	0.0550165791	0.045	0.010
20160407	0.0532252854	0.064604142	0.3	13.6	0.69	4.20	0.0	0.00	8.9	0.0	0.0	1.6	0.000	0.000	0.0532252854	0.043	0.010
20160408	0.0514921740	0.064604142	0.0	10.1	1.26	8.12	0.0	0.00	7.6	0.0	0.0	1.5	0.000	0.000	0.051492174	0.042	0.010
20160409	0.0498154959	0.064604142	0.0	11.4	1.03	7.77	0.0	0.00	6.6	0.0	0.0	1.5	0.000	0.000	0.0498154959	0.040	0.009
20160410	0.0481934842	0.057425904	0.8	17.6	0.43	3.53	0.0	0.00	7.0	0.0	0.0	1.4	0.000	0.000	0.0481934842	0.039	0.009
20160411	0.0466242173	0.050247666	0.0	10.8	0.35	2.84	0.0	0.00	6.6	0.0	0.0	1.4	0.000	0.000	0.0466242173	0.038	0.009
20160412	0.0451060487	0.050247666	0.0	11.0	0.66	5.68	0.0	0.00	6.0	0.0	0.0	1.3	0.000	0.000	0.0451060487	0.037	0.009
20160413	0.0436373143	0.043069428	0.0	15.9	0.68	6.51	0.0	0.00	5.3	0.0	0.0	1.3	0.000	0.000	0.0436373143	0.035	0.008
20160414	0.0422164192	0.028712952	0.5	16.1	0.54	5.58	0.0	0.00	5.3	0.0	0.0	1.3	0.000	0.000	0.0422164192	0.034	0.008
20160415	0.0408417990	0.03589119	0.8	18.2	0.42	4.27	0.0	0.00	5.6	0.0	0.0	1.2	0.000	0.000	0.040841799	0.033	0.008
20160416	0.0395119835	0.028712952	1.3	18.5	0.39	3.55	0.0	0.00	6.5	0.0	0.0	1.2	0.000	0.000	0.0395119835	0.032	0.007
20160417	0.0382394047	0.043069428	9.1	16.6	0.65	3.35	0.0	0.00	15.0	0.0	0.0	1.1	0.000	0.000	0.0382394047	0.031	0.007
20160418	0.0379103906	0.07178238	16.0	14.2	1.26	3.14	0.0	0.00	29.7	0.0	0.0	1.1	0.000	0.000	0.0379103906	0.031	0.007
20160419	0.0366759599	0.07178238	0.0	15.2	1.67	3.22	0.0	0.00	28.0	0.0	0.0	1.1	0.000	0.000	0.0366759599	0.030	0.007
20160420	0.0726163991	0.875745033	29.5	13.5	2.29	3.12	0.0	0.00	54.1	1.1	0.0	2.2	0.000	0.000	0.0726163991	0.066	0.007
20160421	0.0702518781	0.825497367	0.0	14.8	3.25	3.44	0.0	0.00	50.9	0.0	0.0	2.1	0.000	0.000	0.0702518781	0.064	0.006
20160422	0.0679643501	0.717823798	0.0	15.2	3.76	4.24	0.0	0.00	47.1	0.0	0.0	2.0	0.000	0.000	0.0679643501	0.062	0.006
20160423	0.0657513082	0.681932608	0.0	20.0	6.40	7.79	0.0	0.00	40.7	0.0	0.0	2.0	0.000	0.000	0.0657513082	0.060	0.006
20160424	1.6190670269	6.008185185	43.2	14.9	3.33	3.33	0.0	0.00	71.9	8.7	2.9	6.1	0.000	1.4138060256	0.2052610012	1.613	0.006
20160425	0.2935133985	4.070060932	0.0	19.6	4.02	4.02	0.0	0.00	67.9	0.0	0.0	8.7	0.000	0.000	0.2935133985	0.288	0.006
20160426	30.3213845158	30.49315492	74.4	15.9	3.65	3.65	0.0	0.00	82.2	56.5	22.2	12.6	12.8749974348	17.0207803342	0.4256067468	30.310	0.011
20160427	10.9771628575	13.15053197	7.4	13.3	3.05	3.05	0.0	0.00	80.4	6.1	13.5	16.4	2.6068530255	7.8169109348	0.5533988972	10.970	0.007
20160428	3.6693296938	4.952984203	0.0	10.2	2.87	2.87	0.0	0.00	77.6	0.0	6.2	20.1	0.000	2.9922997893	0.6770299045	3.664	0.006
20160429	4.1256599790	5.010410107	12.4	9.1	2.81	2.81	0.0	0.00	78.8	8.4	6.9	23.7	0.000	3.3290247159	0.7966352631	4.120	0.006
20160430	2.7800370671	5.613382097	4.8	12.2	3.29	3.29	0.0	0.00	77.1	3.2	3.9	27.1	0.000	1.8676910119	0.9123460553	2.775	0.005
20160501	1.0080525399	4.299764547	0.0	9.7	3.09	3.09	0.0	0.00	74.0	0.0	0.0	30.0	0.000	0.000	1.0080525399	1.003	0.005
20160502	0.9752285297	3.797287889	0.0	11.8	3.18	3.18	0.0	0.00	70.8	0.0	0.0	29.0	0.000	0.000	0.9752285297	0.971	0.005
20160503	0.9434733284	3.380950086	0.0	14.7	5.92	5.92	0.0	0.00	64.9	0.0	0.0	28.0	0.000	0.000	0.9434733284	0.939	0.004
20160504	0.9127521339	3.000503474	0.0	15.5	4.27	4.27	0.0	0.00	60.6	0.0	0.0	27.1	0.000	0.000	0.9127521339	0.908	0.004
20160505	0.8830312769	6.209175849	0.0	16.4	13.13	13.13	0.0	0.00	47.5	0.0	0.0	26.2	0.000	0.000	0.8830312769	0.879	0.004
20160506	0.8542781846	2.433422674	0.0	20.6	8.68	10.49	0.0	0.00	38.8	0.0	0.0	25.4	0.000	0.000	0.8542781846	0.850	0.004
20160507	0.8264613450	2.210897296	0.0	22.8	3.97	5.87	0.0	0.00	34.8	0.0	0.0	24.6	0.000	0.000	0.826461345	0.823	0.004
20160508	0.7997277973	2.103223727	0.5	19.2	2.55	4.16	0.0	0.00	32.8	0.0	0.0	23.8	0.000	0.000	0.7997277973	0.796	0.004
20160509	0.7741930024	1.938124253	1.8	19.7	2.75	4.68	0.0	0.00	31.8	0.0	0.0	23.0	0.000	0.000	0.7741930024	0.771	0.004
20160510	0.7489838808	1.715598876	0.0	21.1	5.56	10.02	0.0	0.00	26.3	0.0	0.0	22.3	0.000	0.000	0.7489838808	0.745	0.004
20160511	0.7250010764	1.636638258	3.6	17.7	1.84	3.76	0.0	0.00	28.0	0.0	0.0	21.5	0.000	0.000	0.7250010764	0.722	0.003
20160512	0.7013937327	1.428469357	0.0	16.7	2.06	4.22	0.0	0.00	26.0	0.0	0.0	20.8	0.000	0.000	0.7013937327	0.698	0.003
20160513	0.6785550867	1.292082836	0.0	17.3	4.26	9.42	0.0	0.00	21.7	0.0	0.0	20.2	0.000	0.000	0.6785550867	0.675	0.003
20160514	0.6564601083	1.162874552	0.0	10.2	1.19	3.13	0.0	0.00	20.5	0.0	0.0	19.5	0.000	0.000	0.6564601083	0.653	0.003
20160515	0.6351098215	1.09827041	1.0	11.9	1.48	4.05	0.0	0.00	20.0	0.0	0.0	18.9	0.000	0.000	0.6351098215	0.632	0.003
20160516	0.6154365587	1.17005279	11.7	10.6	1.45	3.22	0.0	0.00	30.2	0.0	0.0	18.3	0.000	0.000	0.6154365587	0.613	0.003
20160517	0.5955720535	1.069557458	1.0	12.4	1.78	3.32	0.0	0.00	29.5	0.0	0.0	17.7	0.000	0.000	0.5955720535	0.593	0.003
20160518	0.5761791524	0.954705651	0.0	13.9	2.98	5.80	0.0	0.00	26.5	0.0	0.0	17.1	0.000	0.000	0.5761791524	0.573	0.003
20160519	0.5575405862	0.890101509	1.3	13.8	1.75	3.70	0.0	0.00	26.0	0.0	0.0	16.6	0.000	0.000	0.5575405862	0.555	0.003
20160520	0.5394523481	0.847032081	0.8	14.7	1.69	3.66	0.0	0.00	25.1	0.0	0.0	16.0	0.000	0.000	0.5394523481	0.537	0.003
20160521	0.5218868060	0.768071463	0.0	17.2	1.69	3.86	0.0	0.00	23.5	0.0	0.0	15.5	0.000	0.000	0.521886806	0.519	0.002
20160522	0.5048932296	0.689110846	0.0	22.1	2.08	5.09	0.0	0.00	21.4	0.0	0.0	15.0	0.000	0.000	0.5048932296	0.503	0.002
20160523	0.4885373905	0.667576132	2.3	20.7	1.77	4.52	0.0	0.00	21.9	0.0	0.0	14.5	0.000	0.000	0.4885373905	0.486	0.002
20160524	0.4823010178	0.890101509	23.9	21.6	2.82	4.80	0.0	0.00	42.7	0.3	0.0	14.3	0.000	0.000	0.4823010178	0.480	0.002
20160525	1.2749583234	3.574762512	36.3	21.0	4.60	4.60	0.0	0.00	68.0	6.4	1.4	18.1	0.000	0.666711223	0.6082471004	1.273	0.002
20160526	16.3767675192	14.6866749	51.3	20.2	5.73	5.73	0.0	0.00	79.1	34.5	15.9	21.7	5.3610421452	10.2856332228	0.7300921512	16.375	0.002
20160527	14.0601590789	14.69385314	21.3	17.9	4.34	4.34	0.0	0.00	79.6	16.5	14.8	25.2	4.0772687246	9.134920647	0.8479697072	14.058	0.002
20160528	4.9881577894	6.259423514	2.8	19.2	4.25	4.25	0.0	0.00	76.2	1.9	8.3	28.6	0.000	4.0261488322	0.9620089573	4.986	0.002
20160529	2.3630874508	4.493576972	0.0	21.8	7.60	7.60	0.0	0.00	68.6	0.0	2.7	31.9	0.000	1.2907525673	1.0723348835	2.361	0.002
20160530	1.1240908381	7.178237975	0.0	22.9	5.46	5.46	0.0	0.00	63.1	0.0	0.0	33.4	0.000	0.000	1.1240908381	1.122	0.002
20160531	1.0874884115	3.273276517	0.0	20.5	4.37	4.37	0.0	0.00	58.8	0.0	0.0	32.3	0.000	0.000	1.0874884115	1.086	0.002
20160601	1.0520778259	2.864116952	0.0	20.1	5.59	5.59	0.0	0.00	53.2	0.0	0.0	31.3	0.000	0.000	1.0520778259	1.050	0.002
20160602	1.0178202728	2.541096243	0.0	21.2	7.12	7.68	0.0	0.00	46.1	0.0	0.0	30.2	0.000	0.000	1.0178202728	1.016	0.002
20160603	0.9846782076	2.289857914	0.0	22.8	6.50	8.10	0.0	0.00	39.6	0.0	0.0	29.3	0.000	0.000	0.9846782076	0.983	0.002
20160604	0.9554661304	2.096045489	3.6	23.8	3.88	5.39	0.0	0.00	39.2	0.1	0.0	28.4	0.000	0.000	0.9554661304	0.954	0.002
20160605	0.9243544286	1.851985398	0.0	21.2	6.35	9.30	0.0	0.00	32.8	0.0	0.0	27.5	0.000	0.000	0.9243544286	0.923	0.002
20160606	0.8942557799	1.658172972	0.0	23.7	4.10	7.16	0.0	0.00	28.7	0.0	0.0	26.6	0.000	0.000	0.8942557799	0.893	0.001
20160607	0.8651371976	1.485895261	0.0	21.2	3.55	7.09	0.0	0.00	25.2	0.0	0.0	25.7	0.000	0.000	0.8651371976	0.864	0.001
20160608	0.8369667688	1.320795787	0.0	26.2	3.05	6.94	0.0	0.00	22.1	0.0	0.0	24.9	0.000	0.000	0.8369667688	0.836	0.001
20160609	0.8097136201	1.155696314	0.0	27.8	2.00	5.17	0.0	0.00	20.1	0.0	0.0	24.1	0.000	0.000	0.8097136201	0.808	0.001
20160610	0.7833478831	1.040844506	0.0	28.4	1.84	5.24	0.0	0.00	18.3	0.0	0.0	23.3	0.000	0.000	0.7833478831	0.782	0.001
20160611	0.7578406621	0.925992699	0.0	28.5	1.69	5.28	0.0	0.00	16.6	0.0	0.0	22.5	0.000	0.000	0.7578406621	0.757	0.001
20160612	0.7331640022	0.832675605	0.0	27.8	1.56	5.40	0.0	0.00	15.1	0.0	0.0	21.8	0.000	0.000	0.7331640022	0.732	0.001
20160613	0.7092908589	0.768071463	0.0	26.5	1.36	5.19	0.0	0.00	13.7	0.0	0.0	21.1	0.000	0.000	0.7092908589	0.708	0.001
20160614	0.6862152759	0.71064556	3.6	27.4	1.52	5.63	0.0	0.00	15.8	0.0	0.0	20.4	0.000	0.000	0.6862152759	0.685	0.001
20160615	0.6638708678	0.631684942	0.0	30.2	1.29	4.70	0.0	0.00	14.5	0.0	0.0	19.7	0.000	0.000	0.6638708678	0.663	0.001
20160616	0.6422540341	0.53118961	0.0	29.4	1.57	6.23	0.0	0.00	12.9	0.0	0.0	19.1	0.000	0.000	0.6422540341	0.641	0.001
20160617	0.6213410835	0.473763706	0.0	30.5	1.38	6.15	0.0	0.00	11.5	0.0	0.0	18.5	0.000	0.000	0.6213410835	0.620	0.001
20160618	0.6011737507	0.488120182	8.6	26.3	1.44	5.23	0.0	0.00	18.7	0.0	0.0	17.9	0.000	0.000	0.6011737507	0.600	0.001
20160619	0.5815984482	0.401981327	0.0	28.0	1.84	5.64	0.0	0.00	16.8	0.0	0.0	17.3	0.000	0.000	0.5815984482	0.581	0.001
20160620	0.5626605530	0.337377185	0.0	29.6	1.87	6.36	0.0	0.00	15.0	0.0	0.0	16.7	0.000	0.000	0.562660553	0.562	0.001
20160621	0.5443393098	0.287129519	0.0	30.0	1.82	6.98	0.0	0.00	13.2	0.0	0.0	16.2	0.000	0.000	0.5443393098	0.543	0.001
20160622	0.5266146393	0.244060091	0.0	31.2	1.64	7.17	0.0	0.00	11.5	0.0	0.0	15.6	0.000	0.000	0.5266146393	0.526	0.001
20160623	0.5094671161	0.215347139	0.0	26.4	1.16	5.80	0.0	0.00	10.3	0.0	0.0	15.1	0.000	0.000	0.5094671161	0.509	0.001
20160624	0.4928781962	0.229703615	0.3	25.5	0.88	4.80	0.0	0.00	9.8	0.0	0.0	14.6	0.000	0.000	0.4928781962	0.492	0.001
20160625	0.4768291925	0.200990663	0.0	29.6	0.97	5.72	0.0	0.00	8.8	0.0	0.0	14.2	0.000	0.000	0.4768291925	0.476	0.001
20160626	0.4613027733	0.172277711	0.0	23.2	0.74	4.83	0.0	0.00	8.1	0.0	0.0	13.7	0.000	0.000	0.4613027733	0.461	0.001
20160627	0.4462819224	0.157921235	0.0	26.7	1.39	9.91	0.0	0.00	6.7	0.0	0.0	13.3	0.000	0.000	0.4462819224	0.446	0.001
20160628	0.4319543306	0.179455949	17.5	24.7	1.46	5.42	0.0	0.00	22.7	0.0	0.0	12.8	0.000	0.000	0.4319543306	0.431	0.001
20160629	0.4178891179	0.157921235	0.0	25.4	2.19	5.54	0.0	0.00	20.5	0.0	0.0	12.4	0.000	0.000	0.4178891179	0.417	0.001
20160630	0.4042818939	0.14356476	0.0	26.3	1.89	5.28	0.0	0.00	18.6	0.0	0.0	12.0	0.000	0.000	0.4042818939	0.404	0.001
20160701	0.3911177457	0.129208284	0.0	23.7	1.50	4.62	0.0	0.00	17.1	0.0	0.0	11.6	0.000	0.000	0.3911177457	0.390	0.001
20160702	0.3978361593	0.244060091	34.3	21.5	2.62	4.43	0.0	0.00	48.2	0.6	0.0	11.8	0.000	0.000	0.3978361593	0.397	0.001
20160703	0.4005226980	0.301485995	6.6	19.2	3.98	4.45	0.0	0.00	50.3	0.5	0.0	11.9	0.000	0.000	0.400522698	0.400	0.001
20160704	0.3874809560	0.229703615	0.0	23.5	5.13	5.85	0.0	0.00	45.2	0.0	0.0	11.5	0.000	0.000	0.387480956	0.387	0.001
20160705	0.3748638767	0.179455949	0.0	30.0	4.54	5.76	0.0	0.00	40.7	0.0	0.0	11.1	0.000	0.000	0.3748638767	0.374	0.001
20160706	0.3626576322	0.14356476	0.0	29.2	3.88	5.48	0.0	0.00	36.8	0.0	0.0	10.8	0.000	0.000	0.3626576322	0.362	0.001
20160707	0.3582011946	0.14356476	9.1	27.0	4.56	6.35	0.0	0.00	41.1	0.2	0.0	10.6	0.000	0.000	0.3582011946	0.358	0.001
20160708	0.3465375171	0.122030046	0.0	27.1	3.58	5.00	0.0	0.00	37.5	0.0	0.0	10.3	0.000	0.000	0.3465375171	0.346	0.001
20160709	0.3352536301	0.100495332	0.0	28.1	3.50	5.36	0.0	0.00	34.0	0.0	0.0	10.0	0.000	0.000	0.3352536301	0.335	0.000
20160710	0.3243371667	0.078960618	0.0	28.7	3.10	5.23	0.0	0.00	30.9	0.0	0.0	9.6	0.000	0.000	0.3243371667	0.324	0.000
20160711	0.3137761632	0.057425904	0.0	29.5	2.81	5.21	0.0	0.00	28.1	0.0	0.0	9.3	0.000	0.000	0.3137761632	0.313	0.000
20160712	0.3216350107	0.122030046	22.9	24.4	3.09	4.52	0.0	0.00	47.4	0.6	0.0	9.6	0.000	0.000	0.3216350107	0.321	0.000
20160713	0.3417902328	0.150742997	11.2	25.3	5.08	5.55	0.0	0.00	52.5	0.9	0.0	10.2	0.000	0.000	0.3417902328	0.341	0.000
20160714	0.3306609258	0.157921235	0.0	24.4	4.48	4.89	0.0	0.00	48.1	0.0	0.0	9.8	0.000	0.000	0.3306609258	0.330	0.000
20160715	0.3198940093	0.136386522	0.0	22.9	3.90	4.66	0.0	0.00	44.2	0.0	0.0	9.5	0.000	0.000	0.3198940093	0.319	0.000
20160716	0.3094776829	0.100495332	0.0	26.1	4.47	5.81	0.0	0.00	39.7	0.0	0.0	9.2	0.000	0.000	0.3094776829	0.309	0.000
20160717	0.2994005309	0.064604142	0.0	29.3	3.65	5.27	0.0	0.00	36.0	0.0	0.0	8.9	0.000	0.000	0.2994005309	0.299	0.000
20160718	0.2896515092	0.028712952	0.0	29.4	3.29	5.24	0.0	0.00	32.8	0.0	0.0	8.6	0.000	0.000	0.2896515092	0.289	0.000
20160719	0.2802199333	0.000	0.0	29.6	2.95	5.18	0.0	0.00	29.8	0.0	0.0	8.3	0.000	0.000	0.2802199333	0.280	0.000
20160720	0.2710954664	0.000	0.0	30.9	2.83	5.44	0.0	0.00	27.0	0.0	0.0	8.1	0.000	0.000	0.2710954664	0.271	0.000
20160721	0.2622681087	0.000	0.0	31.9	2.68	5.70	0.0	0.00	24.3	0.0	0.0	7.8	0.000	0.000	0.2622681087	0.262	0.000
20160722	0.2537281857	0.000	0.0	32.2	2.52	5.95	0.0	0.00	21.8	0.0	0.0	7.5	0.000	0.000	0.2537281857	0.253	0.000
20160723	0.2454663380	0.000	0.0	31.4	2.10	5.54	0.0	0.00	19.7	0.0	0.0	7.3	0.000	0.000	0.245466338	0.245	0.000
20160724	0.2374899092	0.000	0.8	27.8	1.81	5.18	0.0	0.00	18.7	0.0	0.0	7.1	0.000	0.000	0.2374899092	0.237	0.000
20160725	0.2328876331	0.057425904	19.3	23.3	2.25	4.56	0.0	0.00	35.6	0.1	0.0	6.9	0.000	0.000	0.2328876331	0.233	0.000
20160726	0.2253043914	0.000	0.0	24.7	3.58	5.77	0.0	0.00	32.0	0.0	0.0	6.7	0.000	0.000	0.2253043914	0.225	0.000
20160727	0.2179680738	0.000	0.0	26.0	3.35	6.00	0.0	0.00	28.7	0.0	0.0	6.5	0.000	0.000	0.2179680738	0.218	0.000
20160728	0.2187505858	0.086138856	16.0	25.3	3.79	5.95	0.0	0.00	40.7	0.2	0.0	6.5	0.000	0.000	0.2187505858	0.218	0.000
20160729	0.2116276719	0.136386522	0.0	23.4	3.33	4.69	0.0	0.00	37.3	0.0	0.0	6.3	0.000	0.000	0.2116276719	0.211	0.000
20160730	0.2047366929	0.064604142	0.0	24.1	3.25	5.00	0.0	0.00	34.1	0.0	0.0	6.1	0.000	0.000	0.2047366929	0.204	0.000
20160731	0.2028747076	0.000	8.6	26.1	3.26	4.89	0.0	0.00	39.3	0.1	0.0	6.0	0.000	0.000	0.2028747076	0.203	0.000
20160801	0.1962687409	0.000	0.0	28.3	3.42	4.99	0.0	0.00	35.9	0.0	0.0	5.8	0.000	0.000	0.1962687409	0.196	0.000
20160802	0.1898778765	0.000	0.0	27.2	3.01	4.81	0.0	0.00	32.8	0.0	0.0	5.6	0.000	0.000	0.1898778765	0.190	0.000
20160803	0.1837744737	0.000	0.3	29.1	3.26	5.67	0.0	0.00	29.9	0.0	0.0	5.5	0.000	0.000	0.1837744737	0.184	0.000
20160804	0.1778399423	0.000	0.3	30.4	2.79	5.32	0.0	0.00	27.4	0.0	0.0	5.3	0.000	0.000	0.1778399423	0.178	0.000
20160805	0.1830490927	0.000	19.6	22.3	2.78	4.31	0.0	0.00	43.9	0.3	0.0	5.4	0.000	0.000	0.1830490927	0.183	0.000
20160806	0.1770886838	0.000	0.0	22.5	3.32	4.34	0.0	0.00	40.6	0.0	0.0	5.3	0.000	0.000	0.1770886838	0.177	0.000
20160807	0.2423289706	0.114851808	24.4	21.3	3.81	4.24	0.0	0.00	59.0	2.2	0.0	7.2	0.000	0.000	0.2423289706	0.242	0.000
20160808	0.2344383019	0.100495332	0.0	23.4	4.26	4.26	0.0	0.00	54.7	0.0	0.0	7.0	0.000	0.000	0.2344383019	0.234	0.000
20160809	0.2268045676	0.028712952	0.0	28.3	5.10	5.35	0.0	0.00	49.6	0.0	0.0	6.7	0.000	0.000	0.2268045676	0.227	0.000
20160810	0.2194194015	0.000	0.0	29.2	4.16	4.82	0.0	0.00	45.4	0.0	0.0	6.5	0.000	0.000	0.2194194015	0.219	0.000
20160811	0.2630652467	0.014356476	16.8	22.1	3.88	4.20	0.0	0.00	56.8	1.6	0.0	7.8	0.000	0.000	0.2630652467	0.263	0.000
20160812	0.3465408559	0.07178238	14.0	24.4	4.27	4.27	0.0	0.00	63.7	2.8	0.0	10.3	0.000	0.000	0.3465408559	0.346	0.000
20160813	0.3352568601	0.03589119	0.0	24.1	6.72	6.72	0.0	0.00	57.0	0.0	0.0	10.0	0.000	0.000	0.3352568601	0.335	0.000
20160814	0.3243402916	0.000	0.0	23.8	4.61	4.65	0.0	0.00	52.4	0.0	0.0	9.6	0.000	0.000	0.3243402916	0.324	0.000
20160815	0.3137791863	0.000	0.0	22.9	4.17	4.56	0.0	0.00	48.2	0.0	0.0	9.3	0.000	0.000	0.3137791863	0.314	0.000
20160816	0.3035619696	0.000	0.0	25.9	4.36	5.19	0.0	0.00	43.8	0.0	0.0	9.0	0.000	0.000	0.3035619696	0.303	0.000
20160817	0.2936774439	0.000	0.0	27.3	4.03	5.27	0.0	0.00	39.8	0.0	0.0	8.7	0.000	0.000	0.2936774439	0.294	0.000
20160818	0.2841147763	0.000	0.0	26.9	3.21	4.63	0.0	0.00	36.6	0.0	0.0	8.4	0.000	0.000	0.2841147763	0.284	0.000
20160819	0.4165370567	0.057425904	36.6	24.2	4.71	5.12	0.0	0.00	64.1	4.4	0.0	12.4	0.000	0.0000228961	0.4165141606	0.416	0.000
20160820	0.4029532452	0.000	0.0	19.2	3.59	3.59	0.0	0.00	60.6	0.0	0.0	12.0	0.000	0.000	0.4029532452	0.403	0.000
20160821	0.3898323602	0.000	0.0	20.3	6.06	6.06	0.0	0.00	54.5	0.0	0.0	11.6	0.000	0.000	0.3898323602	0.390	0.000
20160822	0.3771387149	0.000	0.0	22.9	3.88	4.09	0.0	0.00	50.6	0.0	0.0	11.2	0.000	0.000	0.3771387149	0.377	0.000
20160823	0.3648583976	0.000	0.0	26.1	3.73	4.23	0.0	0.00	46.9	0.0	0.0	10.8	0.000	0.000	0.3648583976	0.365	0.000
20160824	0.3529779496	0.000	0.0	23.8	3.29	4.03	0.0	0.00	43.6	0.0	0.0	10.5	0.000	0.000	0.3529779496	0.353	0.000
20160825	0.6225791677	0.050247666	31.2	21.4	3.60	3.64	0.0	0.00	66.4	4.8	0.3	14.4	0.000	0.139444143	0.4831350247	0.622	0.000
20160826	2.9847007930	0.10767357	24.4	21.6	3.79	3.79	0.0	0.00	75.7	11.3	4.9	18.1	0.000	2.3756468424	0.6090539505	2.985	0.000
20160827	1.8390083291	0.136386522	5.1	24.3	4.35	4.35	0.0	0.00	73.6	2.8	2.3	21.7	0.000	1.1081356002	0.7308727289	1.839	0.000
20160828	0.7814847086	0.07178238	0.0	26.6	4.27	4.27	0.0	0.00	69.3	0.0	0.0	23.2	0.000	0.000	0.7814847086	0.781	0.000
20160829	0.8046267051	0.000	4.1	25.0	4.30	4.30	0.0	0.00	67.6	1.5	0.0	23.9	0.000	0.000	0.8046267051	0.805	0.000
20160830	0.7784266073	0.000	0.0	23.5	3.85	3.85	0.0	0.00	63.8	0.0	0.0	23.1	0.000	0.000	0.7784266073	0.778	0.000
20160831	0.8077633612	0.000	6.4	21.8	3.57	3.57	0.0	0.00	64.9	1.7	0.0	24.0	0.000	0.000	0.8077633612	0.808	0.000
20160901	0.7814611282	0.000	0.0	20.2	3.98	3.98	0.0	0.00	61.0	0.0	0.0	23.2	0.000	0.000	0.7814611282	0.781	0.000
20160902	0.7560153433	0.000	0.0	19.5	4.05	4.05	0.0	0.00	56.9	0.0	0.0	22.5	0.000	0.000	0.7560153433	0.756	0.000
20160903	0.7313981191	0.000	0.0	21.5	3.85	3.88	0.0	0.00	53.1	0.0	0.0	21.7	0.000	0.000	0.7313981191	0.731	0.000
20160904	0.7075824762	0.000	0.0	24.7	3.61	3.91	0.0	0.00	49.5	0.0	0.0	21.0	0.000	0.000	0.7075824762	0.708	0.000
20160905	0.6845423135	0.000	0.0	27.7	3.51	4.07	0.0	0.00	45.9	0.0	0.0	20.3	0.000	0.000	0.6845423135	0.684	0.000
20160906	0.6622523802	0.000	0.0	28.4	3.22	4.02	0.0	0.00	42.7	0.0	0.0	19.7	0.000	0.000	0.6622523802	0.662	0.000
20160907	0.6411799228	0.000	0.5	27.9	2.98	3.98	0.0	0.00	40.2	0.0	0.0	19.0	0.000	0.000	0.6411799228	0.641	0.000
20160908	0.6203019471	0.000	0.0	24.5	2.54	3.62	0.0	0.00	37.7	0.0	0.0	18.4	0.000	0.000	0.6203019471	0.620	0.000
20160909	0.6001037961	0.000	0.0	23.7	2.61	3.97	0.0	0.00	35.1	0.0	0.0	17.8	0.000	0.000	0.6001037961	0.600	0.000
20160910	0.5805633333	0.000	0.0	17.7	2.20	3.60	0.0	0.00	32.9	0.0	0.0	17.2	0.000	0.000	0.5805633333	0.581	0.000
20160911	0.5616591432	0.000	0.0	20.0	3.00	5.24	0.0	0.00	29.9	0.0	0.0	16.7	0.000	0.000	0.5616591432	0.562	0.000
20160912	0.5433705077	0.000	0.0	24.9	2.15	4.13	0.0	0.00	27.7	0.0	0.0	16.1	0.000	0.000	0.5433705077	0.543	0.000
20160913	0.8687489742	0.000	47.2	20.1	2.67	3.14	0.0	0.00	67.3	5.0	0.4	19.8	0.000	0.2014209167	0.6673280575	0.869	0.000
20160914	1.1088442335	0.122030046	12.7	18.1	3.07	3.07	0.0	0.00	72.0	4.9	0.7	23.4	0.000	0.3215949078	0.7872493257	1.109	0.000
20160915	0.7832099353	0.14356476	0.0	23.7	4.01	4.01	0.0	0.00	68.0	0.0	0.0	23.3	0.000	0.000	0.7832099353	0.783	0.000
20160916	0.8205055458	0.078960618	5.6	18.7	3.10	3.10	0.0	0.00	68.6	1.9	0.0	24.4	0.000	0.000	0.8205055458	0.820	0.000
20160917	0.7937884042	0.007178238	0.0	23.5	4.05	4.05	0.0	0.00	64.5	0.0	0.0	23.6	0.000	0.000	0.7937884042	0.794	0.000
20160918	0.7679412210	0.000	0.0	23.5	3.98	3.98	0.0	0.00	60.5	0.0	0.0	22.8	0.000	0.000	0.767941221	0.768	0.000
20160919	0.7429356687	0.000	0.0	26.4	4.19	4.19	0.0	0.00	56.3	0.0	0.0	22.1	0.000	0.000	0.7429356687	0.743	0.000
20160920	0.7187443423	0.000	0.0	26.9	5.74	5.85	0.0	0.00	50.6	0.0	0.0	21.4	0.000	0.000	0.7187443423	0.719	0.000
20160921	0.6953407292	0.000	0.0	27.7	3.14	3.56	0.0	0.00	47.5	0.0	0.0	20.7	0.000	0.000	0.6953407292	0.695	0.000
20160922	0.6726991799	0.000	0.0	27.0	2.94	3.56	0.0	0.00	44.5	0.0	0.0	20.0	0.000	0.000	0.6726991799	0.673	0.000
20160923	0.6507948804	0.000	0.0	25.4	2.87	3.70	0.0	0.00	41.6	0.0	0.0	19.3	0.000	0.000	0.6507948804	0.651	0.000
20160924	12.4873480941	1.579212355	72.4	22.7	3.36	3.36	0.0	0.00	80.5	30.2	14.1	22.9	3.2883350462	8.4277585492	0.7712544987	12.487	0.000
20160925	4.8538244364	1.012131555	3.3	17.6	3.07	3.07	0.0	0.00	78.4	2.4	8.2	26.4	0.000	3.966032702	0.8877917344	4.854	0.000
20160926	2.2508023590	0.559902562	0.0	14.9	5.15	5.15	0.0	0.00	73.2	0.0	2.6	29.7	0.000	1.2502680516	1.0005343074	2.251	0.000
20160927	1.0519097121	0.401981327	0.0	18.7	5.21	5.21	0.0	0.00	68.0	0.0	0.0	31.3	0.000	0.000	1.0519097121	1.052	0.000
20160928	1.0176576331	0.294307757	0.0	15.5	2.67	2.67	0.0	0.00	65.3	0.0	0.0	30.2	0.000	0.000	1.0176576331	1.018	0.000
20160929	0.9845208637	0.251238329	0.0	13.2	3.79	3.79	0.0	0.00	61.5	0.0	0.0	29.3	0.000	0.000	0.9845208637	0.984	0.000
20160930	0.9524630873	0.229703615	0.0	14.2	5.44	5.44	0.0	0.00	56.1	0.0	0.0	28.3	0.000	0.000	0.9524630873	0.952	0.000
20161001	0.9214491700	0.208168901	0.0	15.7	4.10	4.19	0.0	0.00	52.0	0.0	0.0	27.4	0.000	0.000	0.92144917	0.921	0.000
20161002	0.8914451218	0.186634187	0.0	18.1	4.40	4.86	0.0	0.00	47.6	0.0	0.0	26.5	0.000	0.000	0.8914451218	0.891	0.000
20161003	0.8624180595	0.186634187	0.0	20.5	2.96	3.57	0.0	0.00	44.6	0.0	0.0	25.6	0.000	0.000	0.8624180595	0.862	0.000
20161004	0.9245100759	0.330198947	23.4	14.9	2.23	2.33	0.0	0.00	63.0	2.8	0.0	27.5	0.000	0.000	0.9245100759	0.924	0.000
20161005	0.8944063590	0.315842471	0.0	16.8	4.57	4.57	0.0	0.00	58.5	0.0	0.0	26.6	0.000	0.000	0.894406359	0.894	0.000
20161006	0.9250414573	0.437872516	9.4	17.7	5.19	5.19	0.0	0.00	60.8	1.8	0.0	27.5	0.000	0.000	0.9250414573	0.925	0.000
20161007	0.8949204377	0.480941944	0.0	10.1	2.53	2.53	0.0	0.00	58.3	0.0	0.0	26.6	0.000	0.000	0.8949204377	0.895	0.000
20161008	0.8657802129	0.380446613	0.0	13.6	4.47	4.47	0.0	0.00	53.8	0.0	0.0	25.7	0.000	0.000	0.8657802129	0.866	0.000
20161009	0.8375888464	0.337377185	0.0	15.0	3.59	3.83	0.0	0.00	50.3	0.0	0.0	24.9	0.000	0.000	0.8375888464	0.838	0.000
20161010	0.8630135833	0.401981327	13.5	15.6	2.13	2.17	0.0	0.00	60.0	1.6	0.0	25.6	0.000	0.000	0.8630135833	0.863	0.000
20161011	0.8349123032	0.416337803	0.0	18.9	3.43	3.43	0.0	0.00	56.6	0.0	0.0	24.8	0.000	0.000	0.8349123032	0.835	0.000
20161012	0.8077260516	0.380446613	0.0	10.0	1.68	1.71	0.0	0.00	54.9	0.0	0.0	24.0	0.000	0.000	0.8077260516	0.808	0.000
20161013	0.7814250334	0.394803089	0.0	7.9	2.68	2.80	0.0	0.00	52.2	0.0	0.0	23.2	0.000	0.000	0.7814250334	0.781	0.000
20161014	0.7559804239	0.423516041	0.0	16.0	2.11	2.32	0.0	0.00	50.1	0.0	0.0	22.5	0.000	0.000	0.7559804239	0.756	0.000
20161015	0.7313643367	0.516833134	0.0	20.9	2.21	2.53	0.0	0.00	47.9	0.0	0.0	21.7	0.000	0.000	0.7313643367	0.731	0.000
20161016	0.7075497938	0.516833134	0.0	23.8	2.74	3.29	0.0	0.00	45.1	0.0	0.0	21.0	0.000	0.000	0.7075497938	0.708	0.000
20161017	0.6845106954	0.437872516	0.0	24.8	2.46	3.12	0.0	0.00	42.7	0.0	0.0	20.3	0.000	0.000	0.6845106954	0.684	0.000
20161018	0.6622217916	0.380446613	0.0	16.5	1.73	2.33	0.0	0.00	41.0	0.0	0.0	19.7	0.000	0.000	0.6622217916	0.662	0.000
20161019	0.6406586547	0.617328466	0.0	15.0	2.24	3.14	0.0	0.00	38.7	0.0	0.0	19.0	0.000	0.000	0.6406586547	0.641	0.000
20161020	0.6218478889	0.983418603	3.0	10.9	1.29	1.85	0.0	0.00	40.4	0.1	0.0	18.5	0.000	0.000	0.6218478889	0.622	0.000
20161021	0.6015993992	0.129208284	0.0	10.7	2.61	3.71	0.0	0.00	37.7	0.0	0.0	17.9	0.000	0.000	0.6015993992	0.602	0.000
20161022	0.5820102368	0.172277711	0.0	16.4	3.20	4.86	0.0	0.00	34.6	0.0	0.0	17.3	0.000	0.000	0.5820102368	0.582	0.000
20161023	0.5630589330	0.157921235	0.0	17.0	1.56	2.58	0.0	0.00	33.0	0.0	0.0	16.7	0.000	0.000	0.563058933	0.563	0.000
20161024	0.5447247178	0.136386522	0.0	14.7	1.46	2.53	0.0	0.00	31.5	0.0	0.0	16.2	0.000	0.000	0.5447247178	0.545	0.000
20161025	0.5269874978	0.100495332	0.0	20.3	2.15	3.92	0.0	0.00	29.4	0.0	0.0	15.7	0.000	0.000	0.5269874978	0.527	0.000
20161026	0.5155069554	0.122030046	13.2	17.9	1.52	2.43	0.0	0.00	40.9	0.2	0.0	15.3	0.000	0.000	0.5155069554	0.515	0.000
20161027	0.4987211184	0.136386522	0.0	15.5	3.39	4.76	0.0	0.00	37.5	0.0	0.0	14.8	0.000	0.000	0.4987211184	0.499	0.000
20161028	0.4824818586	0.136386522	0.0	22.0	1.64	2.51	0.0	0.00	35.9	0.0	0.0	14.3	0.000	0.000	0.4824818586	0.482	0.000
20161029	0.4667713784	0.136386522	0.0	22.5	2.17	3.47	0.0	0.00	33.7	0.0	0.0	13.9	0.000	0.000	0.4667713784	0.467	0.000
20161030	0.4515724598	0.136386522	0.0	11.9	0.95	1.62	0.0	0.00	32.7	0.0	0.0	13.4	0.000	0.000	0.4515724598	0.452	0.000
20161031	0.4368684454	0.129208284	0.0	19.8	1.95	3.41	0.0	0.00	30.8	0.0	0.0	13.0	0.000	0.000	0.4368684454	0.437	0.000
20161101	0.4226432203	0.14356476	0.0	21.4	1.22	2.28	0.0	0.00	29.6	0.0	0.0	12.6	0.000	0.000	0.4226432203	0.423	0.000
20161102	0.4095913455	0.136386522	3.6	18.7	0.98	1.79	0.0	0.00	32.2	0.0	0.0	12.2	0.000	0.000	0.4095913455	0.410	0.000
20161103	0.3962543120	0.114851808	0.0	14.3	1.70	3.03	0.0	0.00	30.5	0.0	0.0	11.8	0.000	0.000	0.396254312	0.396	0.000
20161104	0.3833515563	0.136386522	0.0	14.2	2.53	4.76	0.0	0.00	27.9	0.0	0.0	11.4	0.000	0.000	0.3833515563	0.383	0.000
20161105	0.3708689377	0.14356476	0.0	15.1	1.77	3.63	0.0	0.00	26.2	0.0	0.0	11.0	0.000	0.000	0.3708689377	0.371	0.000
20161106	0.3587927757	0.14356476	0.0	14.8	0.97	2.12	0.0	0.00	25.2	0.0	0.0	10.7	0.000	0.000	0.3587927757	0.359	0.000
20161107	0.3471804309	0.136386522	1.0	12.5	0.70	1.57	0.0	0.00	25.5	0.0	0.0	10.3	0.000	0.000	0.3471804309	0.347	0.000
20161108	0.3358756094	0.136386522	0.0	12.5	0.65	1.47	0.0	0.00	24.9	0.0	0.0	10.0	0.000	0.000	0.3358756094	0.336	0.000
20161109	0.3249388933	0.136386522	0.0	7.2	1.23	2.84	0.0	0.00	23.6	0.0	0.0	9.7	0.000	0.000	0.3249388933	0.325	0.000
20161110	0.3143582964	0.136386522	0.0	11.5	1.96	4.76	0.0	0.00	21.7	0.0	0.0	9.3	0.000	0.000	0.3143582964	0.314	0.000
20161111	0.3041222229	0.129208284	0.0	9.9	0.63	1.66	0.0	0.00	21.0	0.0	0.0	9.0	0.000	0.000	0.3041222229	0.304	0.000
20161112	0.2942194544	0.122030046	0.0	5.6	0.91	2.48	0.0	0.00	20.1	0.0	0.0	8.7	0.000	0.000	0.2942194544	0.294	0.000
20161113	0.2846391379	0.10767357	0.0	11.0	0.77	2.19	0.0	0.00	19.4	0.0	0.0	8.5	0.000	0.000	0.2846391379	0.285	0.000
20161114	0.2753707738	0.114851808	0.0	11.1	0.82	2.43	0.0	0.00	18.5	0.0	0.0	8.2	0.000	0.000	0.2753707738	0.275	0.000
20161115	0.2664042043	0.114851808	0.0	11.0	1.71	5.29	0.0	0.00	16.8	0.0	0.0	7.9	0.000	0.000	0.2664042043	0.266	0.000
20161116	0.2577296026	0.114851808	0.0	17.4	2.01	6.86	0.0	0.00	14.8	0.0	0.0	7.7	0.000	0.000	0.2577296026	0.258	0.000
20161117	0.2493374615	0.100495332	0.0	18.6	0.49	1.91	0.0	0.00	14.3	0.0	0.0	7.4	0.000	0.000	0.2493374615	0.249	0.000
20161118	0.2412185837	0.10767357	0.0	4.5	0.25	1.01	0.0	0.00	14.1	0.0	0.0	7.2	0.000	0.000	0.2412185837	0.241	0.000
20161119	0.2333640712	0.100495332	0.0	1.0	0.29	1.19	0.0	0.00	13.8	0.0	0.0	6.9	0.000	0.000	0.2333640712	0.233	0.000
20161120	0.2257653158	0.093317094	0.0	5.9	0.37	1.52	0.0	0.00	13.4	0.0	0.0	6.7	0.000	0.000	0.2257653158	0.226	0.000
20161121	0.2184139896	0.100495332	0.0	7.1	0.36	1.54	0.0	0.00	13.1	0.0	0.0	6.5	0.000	0.000	0.2184139896	0.218	0.000
20161122	0.2113161121	0.100495332	3.3	12.6	0.33	1.28	0.0	0.00	16.0	0.0	0.0	6.3	0.000	0.000	0.2113161121	0.211	0.000
20161123	0.2044352781	0.100495332	0.0	5.3	0.30	1.06	0.0	0.00	15.7	0.0	0.0	6.1	0.000	0.000	0.2044352781	0.204	0.000
20161124	0.1977784964	0.100495332	0.0	5.1	0.28	1.02	0.0	0.00	15.4	0.0	0.0	5.9	0.000	0.000	0.1977784964	0.198	0.000
20161125	0.1913384716	0.10767357	0.0	5.6	0.34	1.25	0.0	0.00	15.1	0.0	0.0	5.7	0.000	0.000	0.1913384716	0.191	0.000
20161126	0.1851081456	0.10767357	0.0	9.5	0.40	1.54	0.0	0.00	14.7	0.0	0.0	5.5	0.000	0.000	0.1851081456	0.185	0.000
20161127	0.1790854884	0.100495332	1.0	12.0	0.34	1.28	0.0	0.00	15.4	0.0	0.0	5.3	0.000	0.000	0.1790854884	0.179	0.000
20161128	0.1732541417	0.093317094	0.0	10.3	0.30	1.14	0.0	0.00	15.1	0.0	0.0	5.1	0.000	0.000	0.1732541417	0.173	0.000
20161129	0.1676126741	0.093317094	0.0	5.4	0.26	0.98	0.0	0.00	14.8	0.0	0.0	5.0	0.000	0.000	0.1676126741	0.168	0.000
20161130	0.1621549029	0.093317094	0.0	1.9	0.21	0.81	0.0	0.00	14.6	0.0	0.0	4.8	0.000	0.000	0.1621549029	0.162	0.000
20161201	0.1568748466	0.093317094	0.0	0.4	0.24	0.96	0.0	0.00	14.4	0.0	0.0	4.7	0.000	0.000	0.1568748466	0.157	0.000
20161202	0.1517667184	0.093317094	0.0	0.4	0.44	1.74	0.0	0.00	13.9	0.0	0.0	4.5	0.000	0.000	0.1517667184	0.152	0.000
20161203	0.1468889130	0.093317094	6.4	1.9	0.23	0.77	0.0	0.00	20.1	0.0	0.0	4.4	0.000	0.000	0.146888913	0.147	0.000
20161204	0.1430640792	0.07178238	11.4	3.3	0.40	0.89	0.0	0.00	31.1	0.0	0.0	4.3	0.000	0.000	0.1430640792	0.143	0.000
20161205	0.1384056546	0.07178238	0.0	6.0	0.58	1.08	0.0	0.00	30.5	0.0	0.0	4.1	0.000	0.000	0.1384056546	0.138	0.000
20161206	0.1338989167	0.07178238	0.0	-0.2	0.36	0.68	0.0	0.00	30.1	0.0	0.0	4.0	0.000	0.000	0.1338989167	0.134	0.000
20161207	0.1295389262	0.07178238	0.3	-4.6	0.27	0.52	0.2	1.00	29.8	0.0	0.0	3.8	0.000	0.000	0.1295389262	0.130	0.000
20161208	0.1253209050	0.086138856	0.0	-8.4	0.00	0.39	0.2	1.00	29.8	0.0	0.0	3.7	0.000	0.000	0.125320905	0.125	0.000
20161209	0.1212402301	0.093317094	0.0	-6.8	0.00	0.38	0.2	1.00	29.8	0.0	0.0	3.6	0.000	0.000	0.1212402301	0.121	0.000
20161210	0.1172924294	0.351733661	0.0	-0.1	0.00	0.69	0.2	1.00	29.8	0.0	0.0	3.5	0.000	0.000	0.1172924294	0.117	0.000
20161211	0.1135047552	1.076735696	0.0	1.6	0.00	0.83	0.0	0.00	30.0	0.0	0.0	3.4	0.000	0.000	0.1135047552	0.114	0.000
20161212	0.1098088355	1.191587504	0.0	-3.5	0.37	0.71	0.0	0.00	29.7	0.0	0.0	3.3	0.000	0.000	0.1098088355	0.110	0.000
20161213	0.1062332616	1.220300456	0.0	-7.2	0.22	0.43	0.0	0.00	29.4	0.0	0.0	3.2	0.000	0.000	0.1062332616	0.106	0.000
20161214	0.1027741148	1.24183517	0.0	-6.0	0.22	0.43	0.0	0.00	29.2	0.0	0.0	3.1	0.000	0.000	0.1027741148	0.103	0.000
20161215	0.0994276041	1.263369884	0.0	-3.7	0.28	0.56	0.0	0.00	28.9	0.0	0.0	3.0	0.000	0.000	0.0994276041	0.099	0.000
20161216	0.0961900619	1.27772636	0.3	-0.6	0.33	0.66	0.2	1.00	28.6	0.0	0.0	2.9	0.000	0.000	0.0961900619	0.096	0.000
20161217	0.0930579398	1.299261074	2.0	-10.7	0.00	0.46	1.5	1.00	28.6	0.0	0.0	2.8	0.000	0.000	0.0930579398	0.093	0.000
20161218	0.0900278053	1.306439311	0.0	-17.7	0.00	0.00	1.5	1.00	28.6	0.0	0.0	2.7	0.000	0.000	0.0900278053	0.090	0.000
20161219	0.0870963375	1.371043453	0.0	-9.1	0.00	0.53	1.5	1.00	28.6	0.0	0.0	2.6	0.000	0.000	0.0870963375	0.087	0.000
20161220	0.0842729570	1.392578167	0.0	1.2	0.00	1.02	1.4	1.00	28.7	0.0	0.0	2.5	0.000	0.000	0.084272957	0.084	0.000
20161221	0.0817245776	0.265594805	0.0	2.7	0.00	1.14	0.0	0.00	30.1	0.0	0.0	2.4	0.000	0.000	0.0817245776	0.082	0.000
20161222	0.0790634779	0.193812425	0.0	0.9	0.42	0.80	0.0	0.00	29.6	0.0	0.0	2.3	0.000	0.000	0.0790634779	0.079	0.000
20161223	0.0765683530	0.000	0.5	4.1	0.49	0.93	0.0	0.00	29.7	0.0	0.0	2.3	0.000	0.000	0.076568353	0.077	0.000
20161224	0.0740751492	0.574259038	0.0	2.0	0.97	1.89	0.0	0.00	28.7	0.0	0.0	2.2	0.000	0.000	0.0740751492	0.074	0.000
20161225	0.0723913312	0.308664233	4.1	10.8	0.78	1.45	0.0	0.00	32.0	0.0	0.0	2.2	0.000	0.000	0.0723913312	0.072	0.000
20161226	0.0700341388	0.000	0.0	2.2	0.54	0.97	0.0	0.00	31.4	0.0	0.0	2.1	0.000	0.000	0.0700341388	0.070	0.000
20161227	0.0677537008	0.000	0.0	1.4	0.92	1.69	0.0	0.00	30.5	0.0	0.0	2.0	0.000	0.000	0.0677537008	0.068	0.000
20161228	0.0655475180	0.000	0.0	3.0	0.91	1.71	0.0	0.00	29.6	0.0	0.0	1.9	0.000	0.000	0.065547518	0.066	0.000
20161229	0.0634131725	0.000	0.0	2.8	0.43	0.84	0.0	0.00	29.2	0.0	0.0	1.9	0.000	0.000	0.0634131725	0.063	0.000
20161230	0.0613483252	0.000	0.0	5.2	1.03	2.03	0.0	0.00	28.1	0.0	0.0	1.8	0.000	0.000	0.0613483252	0.061	0.000
20161231	0.0593507130	0.000	0.0	1.2	0.46	0.95	0.0	0.00	27.7	0.0	0.0	1.8	0.000	0.000	0.059350713	0.059	0.000
