Date	pH	Cl-
20160101	5.0	1.00E-07
20160102	5.0	1.05E-07
20160103	5.0	1.10E-07
20160104	5.0	1.15E-07
20160105	5.0	1.20E-07
20160106	5.0	1.25E-07
20160107	5.0	1.30E-07
20160108	5.0	1.35E-07
20160109	5.0	1.40E-07
20160110	5.0	1.45E-07
20160111	5.0	1.50E-07
20160112	5.0	1.55E-07
20160113	5.0	1.60E-07
20160114	5.0	1.65E-07
20160115	5.0	1.70E-07
20160116	5.0	1.75E-07
20160117	5.0	1.80E-07
20160118	5.0	1.85E-07
20160119	5.0	1.90E-07
20160120	5.0	1.95E-07
20160121	5.0	2.00E-07
20160122	5.0	2.05E-07
20160123	5.0	2.10E-07
20160124	5.0	2.15E-07
20160125	5.0	2.20E-07
20160126	5.0	2.25E-07
20160127	5.0	2.30E-07
20160128	5.0	2.35E-07
20160129	5.0	2.40E-07
20160130	5.0	2.45E-07
20160131	5.0	2.50E-07
20160201	5.0	1.00E-07
20160202	5.0	1.05E-07
20160203	5.0	1.10E-07
20160204	5.0	1.15E-07
20160205	5.0	1.20E-07
20160206	5.0	1.25E-07
20160207	5.0	1.30E-07
20160208	5.0	1.35E-07
20160209	5.0	1.40E-07
20160210	5.0	1.45E-07
20160211	5.0	1.50E-07
20160212	5.0	1.55E-07
20160213	5.0	1.60E-07
20160214	5.0	1.65E-07
20160215	5.0	1.70E-07
20160216	5.0	1.75E-07
20160217	5.0	1.80E-07
20160218	5.0	1.85E-07
20160219	5.0	1.90E-07
20160220	5.0	1.95E-07
20160221	5.0	2.00E-07
20160222	5.0	2.05E-07
20160223	5.0	2.10E-07
20160224	5.0	2.15E-07
20160225	5.0	2.20E-07
20160226	5.0	2.25E-07
20160227	5.0	2.30E-07
20160228	5.0	2.35E-07
20160229	5.0	2.40E-07
20160301	5.0	2.45E-07
20160302	5.0	2.50E-07
20160303	5.0	1.00E-07
20160304	5.0	1.05E-07
20160305	5.0	1.10E-07
20160306	5.0	1.15E-07
20160307	5.0	1.20E-07
20160308	5.0	1.25E-07
20160309	5.0	1.30E-07
20160310	5.0	1.35E-07
20160311	5.0	1.40E-07
20160312	5.0	1.45E-07
20160313	5.0	1.50E-07
20160314	5.0	1.55E-07
20160315	5.0	1.60E-07
20160316	5.0	1.65E-07
20160317	5.0	1.70E-07
20160318	5.0	1.75E-07
20160319	5.0	1.80E-07
20160320	5.0	1.85E-07
20160321	5.0	1.90E-07
20160322	5.0	1.95E-07
20160323	5.0	2.00E-07
20160324	5.0	2.05E-07
20160325	5.0	2.10E-07
20160326	5.0	2.15E-07
20160327	5.0	2.20E-07
20160328	5.0	2.25E-07
20160329	5.0	2.30E-07
20160330	5.0	2.35E-07
20160331	5.0	2.40E-07
20160401	5.0	2.45E-07
20160402	5.0	2.50E-07
20160403	5.0	1.00E-07
20160404	5.0	1.05E-07
20160405	5.0	1.10E-07
20160406	5.0	1.15E-07
20160407	5.0	1.20E-07
20160408	5.0	1.25E-07
20160409	5.0	1.30E-07
20160410	5.0	1.35E-07
20160411	5.0	1.40E-07
20160412	5.0	1.45E-07
20160413	5.0	1.50E-07
20160414	5.0	1.55E-07
20160415	5.0	1.60E-07
20160416	5.0	1.65E-07
20160417	5.0	1.70E-07
20160418	5.0	1.75E-07
20160419	5.0	1.80E-07
20160420	5.0	1.85E-07
20160421	5.0	1.90E-07
20160422	5.0	1.95E-07
20160423	5.0	2.00E-07
20160424	5.0	2.05E-07
20160425	5.0	2.10E-07
20160426	5.0	2.15E-07
20160427	5.0	2.20E-07
20160428	5.0	2.25E-07
20160429	5.0	2.30E-07
20160430	5.0	2.35E-07
20160501	5.0	2.40E-07
20160502	5.0	2.45E-07
20160503	5.0	2.50E-07
20160504	5.0	1.00E-07
20160505	5.0	1.05E-07
20160506	5.0	1.10E-07
20160507	5.0	1.15E-07
20160508	5.0	1.20E-07
20160509	5.0	1.25E-07
20160510	5.0	1.30E-07
20160511	5.0	1.35E-07
20160512	5.0	1.40E-07
20160513	5.0	1.45E-07
20160514	5.0	1.50E-07
20160515	5.0	1.55E-07
20160516	5.0	1.60E-07
20160517	5.0	1.65E-07
20160518	5.0	1.70E-07
20160519	5.0	1.75E-07
20160520	5.0	1.80E-07
20160521	5.0	1.85E-07
20160522	5.0	1.90E-07
20160523	5.0	1.95E-07
20160524	5.0	2.00E-07
20160525	5.0	2.05E-07
20160526	5.0	2.10E-07
20160527	5.0	2.15E-07
20160528	5.0	2.20E-07
20160529	5.0	2.25E-07
20160530	5.0	2.30E-07
20160531	5.0	2.35E-07
20160601	5.0	2.40E-07
20160602	5.0	2.45E-07
20160603	5.0	2.50E-07
20160604	5.0	1.00E-07
20160605	5.0	1.05E-07
20160606	5.0	1.10E-07
20160607	5.0	1.15E-07
20160608	5.0	1.20E-07
20160609	5.0	1.25E-07
20160610	5.0	1.30E-07
20160611	5.0	1.35E-07
20160612	5.0	1.40E-07
20160613	5.0	1.45E-07
20160614	5.0	1.50E-07
20160615	5.0	1.55E-07
20160616	5.0	1.60E-07
20160617	5.0	1.65E-07
20160618	5.0	1.70E-07
20160619	5.0	1.75E-07
20160620	5.0	1.80E-07
20160621	5.0	1.85E-07
20160622	5.0	1.90E-07
20160623	5.0	1.95E-07
20160624	5.0	2.00E-07
20160625	5.0	2.05E-07
20160626	5.0	2.10E-07
20160627	5.0	2.15E-07
20160628	5.0	2.20E-07
20160629	5.0	2.25E-07
20160630	5.0	2.30E-07
20160701	5.0	2.35E-07
20160702	5.0	2.40E-07
20160703	5.0	2.45E-07
20160704	5.0	2.50E-07
20160705	5.0	1.00E-07
20160706	5.0	1.05E-07
20160707	5.0	1.10E-07
20160708	5.0	1.15E-07
20160709	5.0	1.20E-07
20160710	5.0	1.25E-07
20160711	5.0	1.30E-07
20160712	5.0	1.35E-07
20160713	5.0	1.40E-07
20160714	5.0	1.45E-07
20160715	5.0	1.50E-07
20160716	5.0	1.55E-07
20160717	5.0	1.60E-07
20160718	5.0	1.65E-07
20160719	5.0	1.70E-07
20160720	5.0	1.75E-07
20160721	5.0	1.80E-07
20160722	5.0	1.85E-07
20160723	5.0	1.90E-07
20160724	5.0	1.95E-07
20160725	5.0	2.00E-07
20160726	5.0	2.05E-07
20160727	5.0	2.10E-07
20160728	5.0	2.15E-07
20160729	5.0	2.20E-07
20160730	5.0	2.25E-07
20160731	5.0	2.30E-07
20160801	5.0	2.35E-07
20160802	5.0	2.40E-07
20160803	5.0	2.45E-07
20160804	5.0	2.50E-07
20160805	5.0	1.00E-07
20160806	5.0	1.05E-07
20160807	5.0	1.10E-07
20160808	5.0	1.15E-07
20160809	5.0	1.20E-07
20160810	5.0	1.25E-07
20160811	5.0	1.30E-07
20160812	5.0	1.35E-07
20160813	5.0	1.40E-07
20160814	5.0	1.45E-07
20160815	5.0	1.50E-07
20160816	5.0	1.55E-07
20160817	5.0	1.60E-07
20160818	5.0	1.65E-07
20160819	5.0	1.70E-07
20160820	5.0	1.75E-07
20160821	5.0	1.80E-07
20160822	5.0	1.85E-07
20160823	5.0	1.90E-07
20160824	5.0	1.95E-07
20160825	5.0	2.00E-07
20160826	5.0	2.05E-07
20160827	5.0	2.10E-07
20160828	5.0	2.15E-07
20160829	5.0	2.20E-07
20160830	5.0	2.25E-07
20160831	5.0	2.30E-07
20160901	5.0	2.35E-07
20160902	5.0	2.40E-07
20160903	5.0	2.45E-07
20160904	5.0	2.50E-07
20160905	5.0	1.00E-07
20160906	5.0	1.05E-07
20160907	5.0	1.10E-07
20160908	5.0	1.15E-07
20160909	5.0	1.20E-07
20160910	5.0	1.25E-07
20160911	5.0	1.30E-07
20160912	5.0	1.35E-07
20160913	5.0	1.40E-07
20160914	5.0	1.45E-07
20160915	5.0	1.50E-07
20160916	5.0	1.55E-07
20160917	5.0	1.60E-07
20160918	5.0	1.65E-07
20160919	5.0	1.70E-07
20160920	5.0	1.75E-07
20160921	5.0	1.80E-07
20160922	5.0	1.85E-07
20160923	5.0	1.90E-07
20160924	5.0	1.95E-07
20160925	5.0	2.00E-07
20160926	5.0	2.05E-07
20160927	5.0	2.10E-07
20160928	5.0	2.15E-07
20160929	5.0	2.20E-07
20160930	5.0	2.25E-07
20161001	5.0	2.30E-07
20161002	5.0	2.35E-07
20161003	5.0	2.40E-07
20161004	5.0	2.45E-07
20161005	5.0	2.50E-07
20161006	5.0	1.00E-07
20161007	5.0	1.05E-07
20161008	5.0	1.10E-07
20161009	5.0	1.15E-07
20161010	5.0	1.20E-07
20161011	5.0	1.25E-07
20161012	5.0	1.30E-07
20161013	5.0	1.35E-07
20161014	5.0	1.40E-07
20161015	5.0	1.45E-07
20161016	5.0	1.50E-07
20161017	5.0	1.55E-07
20161018	5.0	1.60E-07
20161019	5.0	1.65E-07
20161020	5.0	1.70E-07
20161021	5.0	1.75E-07
20161022	5.0	1.80E-07
20161023	5.0	1.85E-07
20161024	5.0	1.90E-07
20161025	5.0	1.95E-07
20161026	5.0	2.00E-07
20161027	5.0	2.05E-07
20161028	5.0	2.10E-07
20161029	5.0	2.15E-07
20161030	5.0	2.20E-07
20161031	5.0	2.25E-07
20161101	5.0	2.30E-07
20161102	5.0	2.35E-07
20161103	5.0	2.40E-07
20161104	5.0	2.45E-07
20161105	5.0	2.50E-07
20161106	5.0	1.00E-07
20161107	5.0	1.05E-07
20161108	5.0	1.10E-07
20161109	5.0	1.15E-07
20161110	5.0	1.20E-07
20161111	5.0	1.25E-07
20161112	5.0	1.30E-07
20161113	5.0	1.35E-07
20161114	5.0	1.40E-07
20161115	5.0	1.45E-07
20161116	5.0	1.50E-07
20161117	5.0	1.55E-07
20161118	5.0	1.60E-07
20161119	5.0	1.65E-07
20161120	5.0	1.70E-07
20161121	5.0	1.75E-07
20161122	5.0	1.80E-07
20161123	5.0	1.85E-07
20161124	5.0	1.90E-07
20161125	5.0	1.95E-07
20161126	5.0	2.00E-07
20161127	5.0	2.05E-07
20161128	5.0	2.10E-07
20161129	5.0	2.15E-07
20161130	5.0	2.20E-07
20161201	5.0	2.25E-07
20161202	5.0	2.30E-07
20161203	5.0	2.35E-07
20161204	5.0	2.40E-07
20161205	5.0	2.45E-07
20161206	5.0	2.50E-07
20161207	5.0	1.00E-07
20161208	5.0	1.05E-07
20161209	5.0	1.10E-07
20161210	5.0	1.15E-07
20161211	5.0	1.20E-07
20161212	5.0	1.25E-07
20161213	5.0	1.30E-07
20161214	5.0	1.35E-07
20161215	5.0	1.40E-07
20161216	5.0	1.45E-07
20161217	5.0	1.50E-07
20161218	5.0	1.55E-07
20161219	5.0	1.60E-07
20161220	5.0	1.65E-07
20161221	5.0	1.70E-07
20161222	5.0	1.75E-07
20161223	5.0	1.80E-07
20161224	5.0	1.85E-07
20161225	5.0	1.90E-07
20161226	5.0	1.95E-07
20161227	5.0	2.00E-07
20161228	5.0	2.05E-07
20161229	5.0	2.10E-07
20161230	5.0	2.15E-07
20161231	5.0	2.20E-07
